1 11009.394000 1.13505e-07
1 10740.495000 1.40551e-07
1 10695.108000 7.60384e-08
1 10593.516000 6.23503e-08
1 10620.217000 1.45093e-07
1 10758.782000 1.65644e-07
1 10740.245000 1.41649e-06
1 10776.847000 4.28737e-08
1 10831.060000 9.26324e-07
1 10697.465000 2.52639e-07
1 10962.013000 5.35151e-08
1 10589.194000 1.21309e-07
1 10649.507000 2.73691e-06
1 10717.873000 7.9781e-08
1 10773.644000 3.11918e-07
1 10751.194000 7.33692e-08
1 10768.758000 4.401e-07
1 10732.529000 9.40144e-08
1 10716.319000 4.79066e-07
1 11024.948000 4.65465e-07
1 10674.917000 1.25547e-07
1 10710.835000 1.01345e-08
1 10985.127000 1.48063e-07
1 10682.759000 5.64459e-08
1 7496.848000 2.62705e-07
1 7782.343000 4.33652e-07
1 7700.646000 2.79121e-07
1 7829.202000 2.53434e-07
1 7699.382000 3.56784e-08
1 9590.938000 1.00712e-07
1 7751.021000 5.90769e-07
1 7572.733000 2.96911e-08
2 13157.302000 1.81287e-07
1 7739.725000 7.58535e-07
1 7602.843000 7.78387e-07
1 9567.387000 5.41151e-07
1 7488.853000 3.9079e-07
1 7610.504000 2.96479e-07
1 9512.081000 4.47284e-07
1 7771.244000 1.76819e-07
1 8259.338000 1.04623e-07
1 7643.684000 1.52853e-07
1 7664.411000 1.16836e-07
1 7550.081000 1.02494e-07
1 7762.468000 2.22291e-07
1 7723.148000 7.12337e-07
1 7751.727000 1.737e-07
1 7548.831000 1.96943e-07
1 7620.114000 4.12499e-08
1 7590.872000 1.41419e-07
1 7666.692000 9.37635e-08
1 7366.264000 7.46851e-07
1 7696.362000 1.39047e-08
1 7601.593000 5.90587e-07
2 13283.455000 7.2085e-07
1 7735.271000 2.18889e-07
1 7648.395000 3.10392e-07
1 7618.450000 4.01352e-08
1 7760.338000 1.57356e-07
1 7516.531000 3.01813e-07
1 7727.522000 1.67564e-07
1 7722.142000 6.09631e-08
1 7747.583000 1.58868e-08
1 7528.627000 8.54679e-07
1 7609.070000 8.78972e-07
2 13196.004000 1.83587e-08
1 7713.554000 2.16453e-07
1 7671.155000 3.49719e-07
1 7747.187000 3.55609e-07
1 7672.551000 1.30953e-07
1 7668.234000 4.28566e-07
1 7664.749000 4.05159e-07
1 7750.136000 2.2466e-08
1 7569.150000 2.76229e-07
1 7748.603000 9.49792e-09
1 7698.687000 1.61234e-07
1 7599.731000 1.30917e-06
1 7755.797000 3.22877e-08
1 7754.012000 3.2412e-07
1 7631.582000 1.20396e-07
1 7703.663000 2.4743e-07
1 7783.092000 8.34207e-07
1 7761.879000 2.84329e-07
1 7612.743000 3.73751e-08
1 7626.235000 1.2542e-07
1 7699.255000 1.06967e-07
1 7739.018000 6.78986e-08
1 7809.956000 2.05273e-08
1 7613.220000 7.05145e-08
1 7686.754000 2.71338e-06
1 7654.584000 1.08828e-07
1 7734.260000 3.845e-08
1 7648.163000 9.24671e-08
1 7786.921000 4.44499e-08
1 7819.140000 1.29943e-07
2 13282.477000 3.46568e-08
1 7655.380000 6.46187e-08
1 7772.580000 5.17827e-08
1 7677.175000 9.8015e-07
1 7592.009000 2.08816e-06
1 7618.571000 8.92191e-08
1 7721.962000 2.24581e-07
1 7678.816000 3.41575e-07
1 7708.847000 4.80714e-08
1 8016.545000 1.67587e-07
1 7598.721000 1.92205e-07
1 7755.537000 2.33775e-07
1 7731.525000 5.31922e-07
1 7722.504000 5.17261e-08
2 13281.720000 9.19787e-07
1 7939.850000 4.79195e-07
1 7559.825000 6.36338e-07
1 7751.489000 1.57588e-07
1 7648.159000 1.24854e-07
1 7614.358000 5.2999e-07
1 9646.068000 2.6383e-08
1 7527.807000 3.88495e-08
1 9508.278000 1.85213e-07
1 7639.164000 2.75923e-08
1 7611.811000 3.37984e-08
1 7632.899000 6.31418e-08
1 8021.100000 8.67372e-08
1 7734.659000 1.18358e-07
1 7692.017000 5.4993e-08
1 7159.264000 4.29838e-07
1 7598.895000 1.83061e-07
1 7722.194000 7.21452e-08
1 7700.044000 1.9583e-07
1 7764.393000 4.01495e-07
1 7752.859000 2.83809e-08
1 7740.397000 3.76484e-07
1 7735.979000 7.43281e-07
1 7752.400000 2.38612e-07
1 7765.445000 1.09916e-07
1 7762.589000 3.15346e-07
1 7739.763000 2.52039e-07
1 7919.943000 6.86612e-07
1 7745.480000 1.70152e-07
1 7806.854000 1.42617e-08
1 7744.388000 5.47567e-08
1 7801.669000 1.99145e-07
1 7807.210000 5.97629e-08
1 7774.963000 7.49064e-07
1 7733.479000 2.84752e-07
1 7802.388000 3.47859e-07
1 8224.555000 3.36997e-07
1 8315.998000 2.86184e-07
1 8192.302000 5.74694e-07
1 8210.659000 6.43069e-08
1 8239.863000 2.4582e-06
1 8272.357000 7.56203e-07
1 8253.947000 1.87629e-08
1 8341.648000 9.00593e-08
1 8314.556000 6.15914e-08
1 8208.224000 1.71945e-07
1 8206.118000 2.04941e-06
1 8290.438000 4.31156e-07
1 8301.355000 3.52359e-08
1 8259.898000 8.70031e-08
1 8214.096000 1.99678e-08
1 8146.654000 3.78798e-08
1 8265.234000 1.35426e-07
1 8218.958000 2.38889e-08
1 8280.737000 1.09736e-07
1 8290.312000 1.81026e-07
1 8368.800000 5.67771e-06
1 8255.258000 2.03913e-07
1 8239.931000 7.05052e-08
1 8253.915000 1.35412e-07
1 8313.971000 1.63094e-08
1 8290.950000 4.23905e-07
2 15931.274000 1.0109e-08
1 8218.186000 3.72284e-07
1 8202.705000 1.0951e-07
2 16000.095000 3.98662e-08
1 8111.585000 5.40334e-07
1 8255.827000 6.2714e-08
1 8231.948000 3.36791e-07
1 8319.248000 7.50967e-08
1 8273.122000 2.76535e-07
1 8240.599000 1.30184e-07
1 8242.436000 2.38284e-07
1 8317.271000 8.37276e-07
1 8229.545000 2.19193e-08
1 8218.820000 2.11087e-07
2 15981.524000 6.5319e-08
1 8328.373000 5.64521e-07
1 8335.300000 7.79023e-07
1 8274.968000 7.1663e-07
1 8134.469000 1.83059e-07
1 8286.130000 1.60455e-07
1 8210.308000 5.94757e-08
1 8271.044000 1.70264e-07
1 8219.760000 7.87624e-08
2 16097.058000 5.48484e-09
1 8389.532000 2.15e-07
1 8252.050000 2.41564e-07
1 8335.824000 2.35613e-07
1 8170.657000 9.6275e-07
1 8184.912000 2.35031e-07
1 8267.029000 1.15225e-07
1 8147.200000 1.62307e-08
1 8251.099000 2.56361e-07
1 8210.944000 5.12373e-08
1 8272.547000 8.63553e-08
1 8134.684000 1.7132e-07
1 8210.809000 4.4613e-07
1 8224.880000 1.64431e-07
1 8254.314000 6.31339e-08
1 8321.189000 1.52663e-07
1 8266.592000 2.10078e-08
1 8251.052000 1.09108e-07
1 8100.262000 1.13587e-07
1 8163.349000 2.44476e-07
1 8238.170000 2.35974e-07
1 8287.575000 1.69193e-07
1 8246.086000 4.73945e-09
1 8146.540000 2.07619e-07
1 8193.375000 2.63182e-08
1 8163.868000 1.46215e-06
1 8485.734000 3.73853e-07
1 8245.517000 2.92936e-07
1 8262.073000 3.6246e-07
2 16033.832000 8.89553e-08
1 8284.807000 2.95117e-08
1 8273.379000 1.03623e-07
1 8293.087000 7.40758e-07
2 15897.894000 1.0916e-07
1 8404.256000 2.17276e-07
1 8335.744000 2.43898e-07
1 8306.779000 4.26536e-07
1 8244.684000 1.3819e-07
1 8311.094000 8.034e-08
1 21476.732000 1.36738e-07
1 8812.754000 1.38754e-07
1 8342.165000 4.70247e-07
1 8562.093000 7.3601e-07
1 7228.186000 1.13683e-06
1 7441.580000 1.89129e-07
1 7474.614000 1.30124e-07
1 7316.108000 1.23975e-07
1 7370.074000 9.36738e-08
2 12290.255000 1.27852e-07
1 7711.723000 1.21593e-07
2 12313.666000 1.62533e-07
1 7258.902000 1.31648e-07
1 7028.084000 1.00102e-07
2 12250.879000 4.09298e-07
2 15833.799000 2.08855e-07
1 7237.626000 2.38525e-07
1 7366.651000 7.0971e-08
1 7171.319000 5.18552e-08
1 7284.235000 7.80935e-08
1 7236.092000 1.34523e-07
1 7352.937000 8.35061e-09
1 7305.952000 1.76378e-08
1 7336.629000 1.65204e-07
1 7314.476000 2.23138e-07
1 7276.063000 7.1872e-08
1 7341.771000 4.77463e-08
1 7193.250000 2.17381e-08
2 12106.301000 6.70083e-07
1 7325.108000 8.3199e-08
1 7520.335000 3.00601e-07
1 7275.619000 2.44238e-07
1 7304.321000 3.17996e-07
1 7333.811000 1.10179e-06
1 7228.923000 2.23826e-07
1 7935.673000 9.0682e-07
1 7469.607000 2.14257e-08
1 7387.102000 3.3886e-08
1 7479.474000 9.21682e-07
1 7477.592000 2.0679e-07
1 7439.457000 4.35875e-07
1 7409.924000 6.45967e-08
1 7498.653000 2.76138e-08
1 7513.674000 2.94629e-08
1 7342.750000 4.86438e-07
1 7743.673000 1.3169e-07
1 7530.675000 1.72334e-06
1 7448.715000 1.95471e-07
1 7484.835000 5.44596e-07
1 7545.351000 6.49615e-07
1 7506.953000 7.77646e-08
1 7499.045000 4.42129e-07
1 7522.644000 1.78321e-09
1 7368.668000 2.72476e-07
2 12329.112000 3.08567e-07
1 7495.478000 1.88695e-06
1 7489.436000 2.18734e-07
2 16338.239000 1.02249e-08
1 7536.816000 3.09237e-07
1 7790.511000 1.25769e-07
1 7794.707000 2.36018e-08
1 7738.530000 7.73846e-08
1 7742.761000 3.77485e-09
1 7840.031000 7.2553e-08
1 7753.524000 7.83911e-08
1 7845.691000 1.65354e-06
2 12701.389000 4.64716e-07
1 9496.397000 1.1913e-06
1 7387.879000 1.33834e-06
1 7829.949000 8.53735e-07
1 7352.558000 2.54519e-07
2 13611.371000 4.68803e-07
1 7796.337000 3.46172e-06
1 7854.860000 1.25473e-07
1 8088.992000 7.66787e-08
1 7940.121000 5.44651e-08
1 7873.492000 1.17019e-07
1 9081.349000 4.06833e-09
1 7770.992000 1.40884e-07
1 7800.894000 8.13977e-07
1 8066.165000 4.03464e-07
1 7814.120000 1.21763e-07
1 7821.484000 1.31406e-07
1 8091.165000 1.69262e-07
1 7874.537000 5.77628e-08
1 7798.794000 3.26148e-07
1 7819.864000 3.70228e-07
1 9111.669000 1.11485e-07
1 7255.333000 3.79865e-07
1 8987.973000 1.28358e-06
1 7322.400000 8.98926e-09
1 8097.842000 5.2485e-07
1 8300.125000 1.562e-08
1 8050.075000 4.36804e-07
1 7994.899000 7.21155e-07
1 7992.541000 1.73875e-07
1 8064.123000 8.18212e-08
1 8048.864000 3.2057e-07
1 8056.882000 5.12662e-08
1 8331.017000 3.31348e-08
1 7922.162000 6.88617e-07
1 8070.474000 1.5933e-07
1 7980.540000 3.63196e-08
1 8177.899000 1.38733e-07
1 8081.128000 1.70288e-06
1 47808.218000 1.16545e-07
1 6775.799000 3.11667e-07
1 6851.372000 6.90693e-08
1 6811.827000 2.32868e-07
1 6845.203000 3.56792e-08
2 12405.844000 6.30704e-07
1 6834.499000 2.96772e-07
1 6807.324000 3.78529e-07
1 7667.357000 3.6459e-07
1 6844.689000 8.61978e-08
1 6708.721000 2.18644e-07
1 6738.752000 1.70194e-08
1 6820.127000 2.48506e-07
1 6743.524000 2.50673e-07
1 6815.531000 7.01856e-08
1 6719.580000 1.46702e-07
1 6735.341000 1.31838e-07
1 6716.150000 3.90922e-08
1 6754.994000 3.67603e-07
1 6779.312000 1.71148e-08
1 7558.715000 1.65799e-07
1 6795.311000 3.57078e-07
1 6895.422000 1.6075e-07
1 6763.241000 1.2812e-06
1 6770.855000 4.97157e-07
1 6780.127000 3.7345e-07
1 6778.458000 9.85834e-08
1 6824.347000 4.26176e-08
1 6835.090000 1.86672e-07
1 6717.268000 4.10631e-07
1 6841.433000 2.80197e-07
1 6834.325000 2.98854e-08
1 6812.604000 1.6094e-07
1 6859.470000 7.85871e-07
1 6374.501000 1.67319e-07
1 6822.810000 4.28864e-07
1 6804.103000 1.24436e-07
1 6851.531000 2.9122e-07
1 6858.007000 8.89306e-08
1 6734.486000 1.28127e-07
1 6729.186000 1.77716e-06
1 7678.668000 5.0538e-08
1 6675.711000 4.41732e-07
1 6788.976000 2.27506e-07
1 6750.282000 2.78768e-07
3 18369.484000 6.0983e-07
1 6815.435000 2.2009e-07
1 6715.022000 5.50547e-07
1 6831.867000 1.74891e-07
1 6715.870000 1.38456e-07
1 7682.835000 3.95267e-07
1 7165.621000 1.04675e-06
1 6810.051000 5.13696e-08
1 6773.463000 1.54194e-07
1 6837.602000 7.37482e-08
1 6713.200000 1.08164e-07
1 7217.477000 6.11185e-07
1 6740.028000 5.22854e-07
1 6722.598000 2.36291e-07
1 6774.823000 2.36302e-06
1 6867.084000 1.46662e-07
1 6780.113000 4.1229e-07
1 6790.770000 6.99661e-08
1 6938.990000 2.00919e-07
1 7160.599000 3.52868e-07
1 6842.127000 1.70988e-07
1 6845.966000 2.72438e-07
1 6818.443000 4.0506e-07
1 6853.231000 3.4289e-08
1 6857.628000 4.19422e-08
1 6812.484000 6.88736e-08
1 6785.926000 5.06635e-07
1 6819.409000 4.14771e-09
1 6880.463000 5.21586e-08
1 6732.305000 2.85491e-07
1 6695.923000 1.57327e-07
1 6810.202000 3.12486e-07
1 7256.216000 9.76877e-08
1 6880.340000 7.6163e-07
1 6824.045000 5.92602e-08
1 6694.624000 5.09976e-07
1 6875.546000 3.50924e-07
1 6815.261000 6.43886e-07
2 12418.815000 5.07123e-07
2 12896.003000 5.18602e-07
1 6832.195000 2.18315e-07
1 6838.820000 7.18294e-07
1 6803.519000 1.64314e-06
1 6735.304000 4.99064e-07
1 6817.097000 1.16377e-07
1 6826.530000 1.98543e-07
2 14299.158000 1.34019e-08
1 7080.381000 1.4318e-07
1 6774.468000 7.07673e-07
1 7062.192000 8.29343e-08
1 6790.764000 5.36855e-07
1 6871.240000 3.82543e-07
2 12251.795000 1.79538e-07
1 6749.869000 5.00706e-07
1 6734.954000 2.16263e-07
1 6760.226000 2.84348e-07
1 6738.974000 1.13941e-07
1 6554.938000 3.42479e-07
1 6780.226000 2.11526e-08
1 6697.664000 7.59951e-09
1 6764.276000 1.91992e-08
1 6690.581000 4.99365e-07
1 6738.454000 3.63877e-06
1 6685.188000 8.98035e-09
1 6713.321000 2.2353e-07
1 6722.202000 1.82272e-07
2 12193.720000 4.40395e-07
1 6753.716000 8.18504e-08
1 6736.294000 2.29194e-07
1 6695.902000 1.22619e-07
1 10196.011000 6.29991e-07
2 20457.805000 1.49069e-07
1 11551.051000 3.61443e-08
1 11230.040000 1.52201e-06
1 11361.473000 7.32625e-08
1 11403.785000 6.01994e-08
1 11184.398000 4.2797e-08
1 11436.162000 1.43567e-07
2 22543.920000 1.69103e-06
1 11617.639000 7.12425e-08
1 11439.708000 8.92291e-07
1 11100.341000 7.75279e-07
1 11297.497000 3.62221e-08
1 11301.743000 1.69003e-07
1 11294.075000 1.68859e-07
1 11294.756000 4.01841e-08
1 11299.924000 1.28381e-07
1 11172.874000 7.19164e-07
2 22310.502000 5.42555e-08
1 10596.218000 9.75808e-08
1 10759.831000 8.71331e-07
1 10770.455000 2.14085e-07
1 11013.452000 2.54026e-07
1 10128.203000 1.50586e-06
1 9959.583000 1.83879e-07
1 9574.167000 9.68404e-08
1 9273.662000 2.57302e-08
1 9096.042000 6.77993e-07
1 9259.843000 3.96694e-07
3 27868.204000 2.48161e-07
1 9512.561000 1.45956e-07
2 18998.464000 1.4548e-07
1 9610.969000 8.07471e-08
1 9329.370000 1.07749e-07
1 9663.041000 1.01873e-06
1 9847.095000 5.43147e-08
1 9572.710000 2.39512e-07
1 9215.763000 5.32256e-08
1 9624.359000 1.64465e-07
1 9594.524000 3.58531e-07
1 9569.289000 2.7948e-07
1 9491.305000 1.76984e-07
1 9721.703000 9.01322e-08
1 9597.109000 8.06083e-07
1 9534.500000 5.15036e-07
1 11091.990000 1.31863e-06
1 9190.307000 8.3593e-07
1 9480.486000 1.04889e-07
1 9208.758000 1.39845e-06
1 9378.679000 3.16218e-08
1 9069.664000 8.73087e-08
1 8924.872000 1.20251e-06
1 8894.114000 9.13002e-07
1 9199.246000 9.26726e-08
1 9136.479000 7.57051e-08
1 9068.961000 1.06405e-07
1 9098.341000 1.16576e-07
1 9369.364000 1.22197e-07
1 8544.238000 2.61413e-08
1 9065.719000 1.82105e-07
1 9024.569000 3.05864e-08
2 18373.794000 7.64101e-07
1 9196.218000 1.04693e-07
1 8995.967000 3.19128e-07
1 9235.346000 2.97735e-07
1 8871.169000 1.77067e-07
1 8957.295000 2.35447e-07
1 9722.383000 1.90359e-07
1 9357.783000 3.07769e-08
1 9564.484000 2.70202e-07
1 9241.205000 2.10453e-07
1 8881.885000 3.4434e-08
1 9796.381000 3.08551e-08
1 9423.336000 1.46009e-07
1 9163.929000 3.16204e-07
1 9211.719000 2.18126e-07
1 9190.059000 1.80428e-06
1 9211.270000 8.60086e-07
1 9231.242000 5.46483e-07
1 8850.042000 2.64168e-07
1 9224.583000 7.46944e-08
1 9000.576000 2.64484e-08
1 8830.808000 9.11569e-07
1 9166.020000 6.12204e-07
1 9174.924000 8.27121e-08
1 9158.126000 1.65799e-07
1 9172.263000 2.54052e-08
1 9031.352000 1.9502e-07
1 9207.327000 1.37567e-07
1 9190.590000 2.96584e-07
1 9160.287000 2.7178e-07
1 8867.154000 7.39525e-08
1 8932.426000 1.46725e-07
1 9118.045000 9.44666e-09
1 9118.356000 2.3846e-07
1 9054.722000 3.96229e-07
1 9078.123000 5.52653e-07
1 9063.303000 3.564e-07
1 8941.651000 2.95953e-07
1 9243.782000 5.0829e-07
1 9193.971000 4.13142e-07
1 9014.848000 2.94574e-08
1 9484.881000 1.73564e-07
1 9471.297000 6.69433e-07
1 9592.859000 6.85754e-07
1 9671.541000 2.7393e-08
1 9605.471000 3.98801e-08
2 18913.062000 2.30128e-07
1 9705.767000 3.4284e-08
1 9467.271000 1.67923e-09
1 8529.022000 1.58651e-06
1 8945.856000 2.15368e-07
1 9065.959000 2.21376e-07
1 8223.458000 2.36837e-07
1 8323.197000 1.67304e-07
1 8327.006000 1.859e-07
1 8337.841000 1.75066e-07
1 8339.378000 1.33703e-07
1 8346.454000 3.16984e-08
1 8346.763000 3.55067e-07
1 8382.503000 2.48517e-07
1 8240.815000 2.79858e-07
1 8337.558000 7.95404e-07
1 8358.347000 9.21759e-08
1 8352.412000 9.48629e-08
1 8352.308000 7.54237e-09
1 8360.867000 1.64159e-07
1 8386.008000 1.96699e-08
2 16086.932000 9.42516e-08
1 8324.428000 3.77923e-08
1 8362.796000 2.51404e-07
1 8292.931000 5.9089e-08
1 8326.193000 2.27695e-07
1 8185.769000 7.09707e-08
1 8311.923000 6.04293e-07
1 8399.950000 2.41885e-07
1 8260.789000 1.68444e-07
1 8256.771000 2.4788e-07
1 8278.015000 1.53301e-07
1 8232.996000 7.27161e-08
1 8316.442000 6.60688e-08
1 8237.635000 1.36371e-07
2 16067.582000 1.97663e-07
1 8317.819000 2.9659e-07
1 8307.841000 1.48853e-08
1 8952.293000 4.82416e-07
1 8301.318000 5.78983e-08
1 8257.434000 7.03262e-08
1 8261.401000 1.70924e-07
1 8298.806000 4.97815e-08
1 8257.786000 1.7382e-07
1 8270.855000 5.64612e-08
1 8399.266000 5.24485e-07
2 15965.086000 6.36205e-07
1 8314.187000 7.94264e-08
1 8567.390000 1.43441e-07
1 8432.854000 1.58792e-07
1 8783.815000 4.77904e-08
1 8438.110000 6.29212e-07
1 8437.850000 2.17748e-07
2 16033.752000 1.94268e-07
1 8461.046000 1.91409e-07
1 8414.495000 1.6212e-07
1 8406.330000 8.84298e-08
2 15957.936000 8.272e-08
1 8595.090000 9.56268e-08
1 8418.168000 3.85326e-08
1 8397.437000 4.59564e-08
1 8449.049000 4.91667e-07
1 8433.334000 2.69016e-07
1 8496.589000 4.76916e-07
1 8442.437000 7.42912e-07
1 8458.390000 2.42858e-07
1 8414.056000 1.12663e-07
1 8759.666000 1.48634e-07
1 8416.986000 2.20307e-07
1 8450.475000 6.62829e-08
1 8476.724000 6.04574e-08
1 8596.303000 2.1112e-06
2 16000.100000 7.40154e-07
1 8713.102000 2.6902e-07
1 8668.517000 1.21926e-07
1 8641.924000 3.39868e-07
1 8664.492000 1.87521e-07
2 16080.728000 1.20779e-06
1 8678.331000 6.58087e-08
1 8688.895000 1.77655e-07
2 16097.978000 1.6705e-07
1 8845.033000 1.43713e-07
1 8688.064000 3.32676e-07
1 8692.456000 2.03195e-07
1 8668.479000 1.94255e-07
1 8678.440000 7.71795e-08
1 8690.792000 7.45484e-08
1 8580.760000 1.0478e-06
1 8710.840000 2.03762e-07
1 8615.150000 9.55418e-08
1 8626.215000 1.45189e-07
1 8672.213000 2.0531e-08
1 8639.751000 4.91608e-08
1 8593.868000 4.71313e-08
1 8750.805000 3.6046e-08
1 8831.944000 1.72622e-08
1 8695.929000 1.41773e-08
1 8885.939000 6.74691e-08
1 8754.558000 1.84994e-07
1 8742.378000 2.8334e-07
1 8732.483000 2.74102e-07
1 8684.196000 3.23823e-07
1 8754.491000 2.24207e-07
1 8775.017000 6.05431e-08
1 8467.497000 7.32939e-07
1 8745.017000 1.99161e-07
1 8825.953000 4.14566e-07
1 8683.873000 3.46056e-06
1 8756.589000 5.85687e-07
1 8808.946000 2.89052e-08
1 8623.813000 9.03819e-08
1 6397.554000 3.55307e-08
1 6431.595000 1.22184e-07
1 6357.480000 1.26159e-07
1 7632.425000 2.38399e-07
1 6568.901000 5.77106e-08
1 6820.085000 2.98896e-07
1 7135.519000 5.28402e-08
1 6855.952000 1.78672e-07
1 6859.653000 2.61103e-08
1 6850.245000 4.35423e-07
1 6793.786000 1.53307e-07
1 6814.523000 1.22147e-07
1 6841.332000 3.35523e-08
1 6955.477000 1.37765e-07
2 13336.389000 1.05904e-08
1 6873.017000 2.21726e-07
1 6906.860000 2.15124e-07
1 6879.771000 3.39362e-07
1 6762.232000 8.70671e-08
1 6875.783000 1.07961e-07
1 6883.366000 8.15365e-07
1 6813.637000 1.13957e-07
1 6840.040000 9.22415e-08
1 6891.416000 1.59354e-06
1 6981.627000 3.87524e-08
1 6907.673000 6.89953e-08
1 6845.395000 4.53515e-08
1 6885.748000 8.92175e-07
1 6723.118000 8.9088e-08
1 6895.787000 1.11661e-07
1 6934.629000 1.42365e-06
1 6877.203000 2.30051e-07
1 6856.186000 8.16272e-08
1 6829.309000 4.71134e-08
1 6907.811000 4.77076e-07
1 6893.832000 2.96023e-07
1 6880.705000 1.11533e-07
1 6989.170000 9.3086e-07
1 6828.819000 4.08947e-08
1 6757.942000 4.02543e-07
1 6855.728000 4.96885e-08
1 6871.805000 1.60388e-07
1 6884.091000 5.26787e-07
1 6840.924000 2.63646e-08
1 6882.438000 6.67962e-07
1 6871.922000 8.46291e-08
1 6826.648000 2.49389e-07
2 13326.738000 6.68852e-07
1 6829.777000 1.59677e-07
2 13344.367000 7.4671e-07
1 6853.342000 4.55314e-07
1 6833.242000 1.01835e-07
1 6925.977000 7.5192e-08
1 6976.764000 2.64052e-08
1 6921.819000 1.90393e-07
1 6931.863000 2.51786e-07
1 6843.410000 2.47975e-07
1 6926.018000 9.76877e-08
1 6953.936000 5.71136e-08
1 6930.742000 1.35525e-07
1 6941.772000 4.11641e-07
1 6780.173000 8.11475e-07
1 6975.692000 3.51705e-07
1 6927.100000 4.17432e-08
1 6619.651000 5.25994e-07
1 6826.799000 2.28034e-07
1 6980.716000 5.67631e-08
1 6828.069000 1.73421e-07
1 6909.866000 1.14529e-07
1 6878.757000 1.39495e-07
1 6817.823000 3.82659e-07
1 6843.880000 3.18587e-07
1 6859.055000 4.15545e-08
1 6904.378000 2.84431e-07
1 6833.430000 4.54591e-07
1 6928.200000 2.14043e-08
1 6914.403000 3.6689e-07
1 6903.852000 8.65912e-07
1 6927.645000 1.13669e-07
1 6899.590000 1.59328e-07
1 6799.515000 1.96769e-07
1 6900.771000 4.30498e-07
1 6926.464000 9.52489e-07
1 6818.747000 9.43455e-08
1 6890.169000 2.46198e-07
1 6848.475000 1.18656e-07
1 6917.162000 7.0096e-08
1 6863.358000 3.45561e-07
1 6932.646000 1.35084e-07
1 6902.375000 8.20641e-08
1 6953.443000 2.16062e-07
1 6917.078000 8.84919e-08
1 6926.607000 9.96257e-08
1 6901.870000 1.02722e-07
1 6815.164000 2.0563e-06
1 6801.384000 1.3196e-07
1 6840.116000 6.12412e-07
1 6951.411000 9.86526e-08
1 6854.530000 2.04392e-07
1 6934.196000 1.25343e-07
1 6833.851000 8.74759e-08
1 7062.776000 1.8856e-07
1 6836.629000 7.05486e-07
1 6899.309000 2.00924e-07
1 6879.516000 2.47029e-06
1 6872.339000 2.91243e-08
1 6897.608000 8.5124e-08
1 6927.318000 3.99478e-07
1 6846.408000 5.21046e-07
2 13286.007000 3.98049e-08
1 6906.595000 1.38682e-07
1 6843.356000 6.90749e-08
1 6824.751000 2.48341e-07
1 6884.443000 5.6472e-07
1 6899.294000 4.99331e-07
1 6924.383000 3.13864e-07
1 6896.027000 2.27806e-07
1 6904.038000 8.97427e-08
1 6893.909000 1.21079e-07
1 6927.574000 6.77152e-08
1 6810.866000 2.94049e-08
1 6018.626000 2.46731e-07
1 6767.329000 1.13557e-07
1 5995.893000 7.62589e-08
1 6166.465000 4.63142e-08
1 6217.934000 1.46064e-07
1 6200.818000 1.00736e-07
1 6248.110000 1.68521e-07
1 6235.367000 4.24776e-08
1 6221.411000 2.87397e-08
1 6251.833000 3.08763e-07
1 6239.347000 1.04903e-07
1 6231.648000 4.98891e-07
1 6221.619000 7.61804e-07
1 6236.823000 1.06733e-07
1 6267.022000 3.02513e-07
1 6245.546000 5.3235e-08
1 6243.684000 2.89815e-07
1 6263.455000 1.40827e-07
1 6246.536000 2.23491e-08
1 6253.712000 2.25872e-07
1 6298.625000 1.42692e-07
1 5991.136000 4.42817e-08
1 5988.229000 3.54707e-08
1 6188.216000 8.42872e-08
1 6151.339000 3.76379e-07
1 6136.051000 7.47761e-07
1 6144.029000 3.07728e-07
1 6306.315000 5.74621e-07
1 6314.615000 1.14809e-07
1 6185.989000 5.01295e-08
1 6132.052000 1.70058e-07
1 6289.061000 6.14242e-09
1 6156.626000 2.08402e-07
1 6127.401000 1.2024e-06
1 6211.230000 2.18475e-07
1 6206.788000 6.51245e-08
1 6148.988000 2.4309e-07
1 6174.222000 9.84184e-08
1 6151.704000 5.16627e-08
1 6138.666000 1.03539e-06
1 6169.148000 8.25723e-08
1 6245.135000 9.06041e-07
1 6160.769000 7.30893e-08
1 6273.345000 7.52883e-07
1 6163.879000 1.73569e-06
1 6176.992000 3.92715e-07
1 6201.758000 5.52123e-07
1 6234.541000 1.42519e-07
1 6341.298000 4.78847e-07
1 6177.155000 1.44206e-07
1 6157.722000 3.51745e-07
1 6302.816000 2.93755e-07
1 6139.733000 3.93561e-07
1 6184.911000 1.23588e-07
1 6176.987000 1.64282e-07
1 6220.180000 1.94034e-07
1 6395.746000 3.41781e-07
1 6183.188000 1.24428e-06
1 6184.974000 5.11111e-07
1 6231.595000 5.31368e-08
2 12021.288000 3.42916e-08
1 6191.270000 4.73721e-07
1 6135.535000 3.48747e-07
1 6242.663000 1.16973e-07
1 6186.945000 5.46936e-08
1 6176.314000 3.36839e-07
1 6170.391000 7.52347e-08
1 6311.830000 1.02012e-07
1 6201.801000 1.09558e-07
1 6051.408000 6.1926e-08
1 6188.783000 1.69971e-07
1 6075.837000 3.2881e-07
1 6293.991000 4.63787e-07
1 6207.765000 1.08875e-07
1 6258.987000 2.12086e-07
1 6197.489000 1.79653e-07
1 6161.897000 2.27011e-07
1 6154.855000 2.25806e-08
1 6156.017000 1.93343e-07
1 7420.064000 2.35702e-07
1 6162.617000 9.61327e-08
2 12020.627000 1.87133e-07
1 6112.995000 5.08961e-08
2 11994.835000 6.24614e-08
1 6308.530000 2.09561e-07
1 6379.955000 6.75492e-08
1 6195.480000 9.76133e-08
1 6244.550000 8.85826e-09
1 6135.167000 1.94363e-07
1 6335.925000 6.98669e-08
1 6184.916000 2.43951e-07
1 6136.623000 5.38559e-08
1 6188.865000 2.18301e-07
1 6147.738000 3.51762e-08
1 6253.247000 1.81901e-07
1 6183.253000 6.62752e-07
1 6235.412000 3.01587e-09
1 6210.759000 2.52348e-07
1 6344.546000 1.72144e-07
1 6384.377000 4.57581e-07
1 6614.388000 2.12151e-07
1 6402.440000 1.01587e-06
1 6400.530000 4.97526e-07
1 6406.157000 1.31548e-07
1 6408.553000 2.2948e-08
1 6389.849000 1.00106e-07
1 6625.651000 4.06787e-08
1 6394.772000 1.35991e-07
