1 83205.340000 0.000209757
1 80297.932000 4.60884e-06
1 79672.840000 1.05009e-05
1 79457.867000 1.13178e-05
1 79648.763000 1.72138e-06
1 79623.788000 6.53126e-09
1 79009.619000 5.49046e-06
1 79338.352000 2.30594e-06
1 79137.270000 1.29717e-05
1 79069.224000 5.59352e-05
1 78935.964000 1.56662e-05
1 79168.837000 1.01294e-05
1 79121.005000 0.000138311
1 79147.251000 0.000457443
1 79193.505000 4.19718e-08
1 79013.737000 1.60249e-05
1 79145.034000 1.76178e-05
1 79390.775000 7.83622e-07
1 79138.187000 4.46373e-05
1 79127.152000 4.73138e-07
1 79189.801000 1.2554e-06
1 79370.000000 1.13868e-07
1 79300.093000 1.72973e-08
1 79301.709000 2.16315e-06
1 79154.441000 2.96639e-07
1 79196.325000 4.18342e-06
1 78989.835000 5.92641e-05
1 79079.474000 4.66024e-06
1 78938.233000 1.99081e-05
1 79572.061000 3.71257e-05
1 79146.021000 4.59214e-05
1 79046.328000 4.53029e-06
1 79187.605000 3.18576e-05
1 79088.621000 8.63983e-07
2 157328.003000 7.98574e-06
1 79301.418000 0.000679049
1 78929.294000 1.40911e-05
1 79039.181000 0.000513433
1 79147.827000 3.47449e-07
1 79042.565000 7.2132e-06
1 78950.763000 7.22718e-06
1 79160.805000 8.61373e-06
1 79179.190000 7.00132e-07
1 79115.897000 2.23885e-07
1 79498.826000 1.72852e-05
1 79141.379000 5.30439e-08
1 79219.317000 6.9537e-07
1 78948.760000 4.96113e-06
1 79009.227000 0.000398045
1 79125.058000 2.01724e-07
1 79170.775000 2.33647e-07
1 79051.024000 2.77152e-07
1 78974.231000 1.26554e-06
1 78956.813000 1.83874e-06
1 78948.484000 1.81278e-05
1 79019.836000 1.31288e-06
1 79024.965000 2.70788e-06
1 79124.568000 1.35532e-06
1 79207.141000 5.52601e-06
1 79211.614000 5.98493e-08
1 79130.290000 2.58701e-07
1 79221.527000 1.83827e-05
1 78925.363000 3.54552e-08
1 78960.872000 2.55692e-05
1 78948.271000 0.000208832
1 79033.039000 8.47975e-05
1 78924.821000 7.68058e-06
1 79073.009000 0.000252171
2 156999.100000 4.21192e-06
1 79262.945000 4.579e-05
1 79097.843000 1.23108e-06
1 79045.857000 0.000935837
1 79041.908000 4.27911e-09
1 78832.377000 8.63436e-07
1 79103.467000 1.59326e-06
1 79154.280000 2.10323e-06
1 79155.043000 0.000123044
1 79067.663000 0.00012521
1 79002.352000 1.72478e-06
1 78989.909000 1.87762e-06
1 79294.269000 2.92817e-06
1 80533.596000 0.000699097
1 80293.151000 3.66897e-06
1 79662.572000 1.80891e-06
1 79474.001000 1.99468e-05
1 79440.805000 1.96105e-07
1 79553.111000 6.52266e-06
1 79634.464000 0.000124961
1 79445.913000 4.89179e-06
1 78325.885000 2.59125e-05
1 77298.479000 3.79685e-07
1 77565.557000 3.20901e-05
1 77455.192000 5.1888e-06
1 77590.670000 9.30764e-07
1 78647.972000 5.77836e-07
1 79147.946000 4.27292e-06
1 79102.432000 4.09435e-06
1 79074.950000 2.73767e-06
1 79389.569000 1.11023e-05
1 79334.497000 7.21486e-05
1 79280.581000 3.05059e-05
1 79179.863000 7.84066e-06
1 79242.532000 3.71814e-06
1 79348.708000 4.10696e-05
1 79144.461000 5.78656e-05
1 79126.789000 9.7699e-05
1 79268.989000 0.000221512
1 79124.703000 3.67754e-05
1 79125.125000 3.97269e-05
1 79098.825000 5.14445e-07
1 79154.263000 3.06715e-06
1 77801.745000 0.000144739
1 77422.680000 3.87758e-08
1 77578.306000 5.57393e-07
1 77776.284000 5.25932e-07
1 77503.060000 0.000107832
1 78776.501000 2.18311e-06
1 79516.925000 4.93884e-06
1 79200.270000 8.69009e-06
2 157108.871000 1.04692e-05
1 79228.140000 9.64399e-05
1 79251.439000 0.000789706
1 79052.111000 5.9165e-07
1 79049.881000 6.47218e-07
1 79128.842000 4.75294e-05
1 79149.012000 1.41875e-06
1 79193.832000 4.71682e-08
1 79000.425000 4.71844e-05
1 79317.023000 0.000103884
1 79230.734000 1.10986e-06
1 79192.478000 9.00177e-07
1 79198.939000 6.06299e-07
1 77500.681000 0.00014642
1 77675.444000 9.43865e-08
1 77486.667000 0.000186415
1 77502.492000 4.59028e-06
1 77856.439000 0.000328242
1 77591.137000 2.36484e-06
1 77602.035000 4.40604e-07
2 154475.424000 2.48304e-06
1 78338.975000 3.17409e-06
1 79155.715000 1.44923e-05
1 79161.749000 3.70339e-05
1 79154.228000 2.75391e-05
1 79128.281000 6.39328e-06
1 79026.624000 1.95791e-05
1 79485.905000 8.64955e-08
1 79405.043000 3.16697e-06
1 79111.944000 1.85231e-06
1 79072.046000 7.51971e-07
1 79250.689000 1.72623e-05
1 78948.190000 3.32871e-05
1 79105.884000 3.47874e-07
1 79129.950000 8.58779e-07
1 79154.648000 3.81678e-07
1 78974.100000 1.70062e-06
1 67595.618000 1.40033e-05
1 66369.857000 1.08561e-05
1 66218.040000 1.29555e-05
1 66128.403000 2.65174e-08
1 66029.275000 1.59645e-07
1 66040.904000 2.45447e-06
1 66766.650000 2.35891e-07
1 66411.799000 9.51966e-05
1 66051.635000 3.41352e-07
1 66062.888000 3.0129e-07
1 66095.898000 0.000411721
1 66077.056000 0.000158074
1 66018.340000 2.13513e-05
1 67929.272000 0.000171242
1 67943.383000 3.58943e-07
1 67839.245000 1.92595e-05
1 68040.737000 4.24623e-07
1 67868.064000 4.53414e-08
1 68113.538000 7.59085e-07
1 68101.648000 4.45723e-06
2 135483.515000 1.09429e-05
1 68212.290000 5.82571e-07
1 68060.058000 7.64356e-07
2 135301.739000 3.57193e-06
1 68059.922000 2.34018e-06
1 67885.001000 1.73087e-05
1 67991.511000 1.93672e-06
1 67815.150000 3.42356e-05
1 68030.314000 8.08119e-06
1 67613.771000 1.20201e-06
1 66306.498000 4.28657e-06
1 66055.976000 1.33823e-05
1 66324.030000 1.33226e-06
1 66077.800000 6.26709e-07
1 66196.590000 5.66688e-07
1 66097.863000 1.12045e-06
1 66766.299000 6.04164e-06
1 66737.321000 3.44453e-06
1 67832.582000 5.06262e-07
1 67817.565000 5.35667e-06
1 67870.160000 0.000590394
1 67948.199000 1.87537e-05
1 67835.245000 4.2537e-08
1 67846.782000 2.64367e-06
1 67920.665000 1.03102e-05
1 67891.878000 5.15213e-06
1 68006.936000 3.80615e-07
1 67847.209000 2.04463e-08
1 67914.026000 1.33038e-05
1 67881.858000 5.35955e-05
1 67963.611000 1.22509e-06
1 68049.398000 1.79633e-05
1 67880.704000 3.39878e-06
1 68018.549000 3.09978e-06
1 67808.410000 5.60806e-06
1 67956.444000 4.94365e-06
1 67803.104000 4.4709e-07
1 67535.065000 1.05886e-06
1 66872.045000 2.42978e-07
1 66199.768000 7.76886e-08
1 66046.536000 2.30782e-06
1 66125.969000 0.000309554
1 66230.299000 6.65568e-07
1 66172.593000 5.45693e-05
1 66071.520000 7.76042e-07
1 66041.289000 3.95127e-05
1 66022.852000 6.05075e-06
1 66218.883000 1.02617e-05
1 66138.992000 1.06187e-06
1 66227.790000 3.37277e-07
1 66367.384000 0.000159869
1 66331.888000 7.94444e-07
1 66144.295000 3.88332e-07
1 66219.265000 3.69158e-05
1 66181.860000 6.61174e-05
1 66085.111000 1.3714e-07
1 66511.323000 2.01151e-06
1 78701.157000 5.81793e-07
1 79161.162000 0.000612193
1 79109.668000 5.75654e-07
1 79123.530000 0.000293657
1 78947.526000 4.60066e-08
1 79182.139000 1.46926e-07
1 79297.480000 4.42318e-08
1 79143.601000 3.47759e-06
1 79309.744000 4.07831e-07
1 79225.603000 2.39528e-06
1 79002.829000 6.37859e-07
1 79087.865000 1.3948e-06
1 79042.186000 2.17649e-07
1 79045.656000 4.75249e-07
1 79141.965000 2.68619e-05
1 79005.846000 4.0354e-07
1 78883.492000 7.54432e-07
1 77984.713000 3.12955e-06
1 78257.923000 8.98622e-06
1 77983.024000 3.49512e-05
1 78496.823000 1.43814e-07
1 79327.274000 5.95344e-08
1 79239.269000 3.78638e-06
1 79355.838000 0.000339153
1 79275.768000 1.11979e-07
1 79256.850000 3.34868e-05
1 79482.035000 0.000174893
1 79462.053000 6.97866e-07
1 79398.706000 1.29561e-05
1 78265.966000 1.5128e-06
1 77547.421000 0.000188969
1 77671.356000 2.07977e-07
1 77465.037000 1.69431e-08
1 77510.645000 0.000214533
1 77764.322000 1.4474e-07
1 78157.532000 6.04859e-06
1 77538.746000 1.38096e-06
1 77902.447000 3.78084e-07
1 77744.887000 3.35914e-06
1 77654.361000 7.7502e-07
1 77301.611000 5.54052e-06
1 77458.628000 8.65835e-07
1 77529.827000 2.05528e-06
1 77508.261000 1.96082e-07
1 77519.873000 0.000226686
1 77655.166000 2.01277e-06
1 77395.865000 4.31171e-07
1 77394.951000 3.45744e-05
1 78691.215000 3.7546e-06
1 77711.621000 4.02945e-06
1 77592.477000 4.74895e-06
1 79354.778000 0.000447451
1 79401.239000 5.56322e-06
1 79089.626000 1.09351e-06
1 79319.468000 4.77677e-06
1 79090.476000 6.24331e-05
1 79248.899000 1.97364e-07
1 79167.784000 2.87254e-06
1 79218.384000 2.14928e-06
1 79042.919000 1.51742e-06
1 79180.392000 7.14845e-07
1 79256.977000 6.86584e-05
1 79152.965000 1.88179e-05
1 79046.113000 4.32037e-06
1 79058.739000 6.73979e-07
1 79194.382000 1.59002e-05
1 79060.574000 0.000277051
1 71261.658000 2.34098e-06
1 69660.925000 6.51912e-08
1 69220.455000 7.24423e-06
1 69235.358000 9.02082e-06
1 69232.960000 5.20163e-08
1 69212.488000 1.00695e-05
1 69237.645000 1.36884e-06
1 69332.967000 8.08397e-07
2 137900.799000 7.81355e-08
1 69377.054000 3.06642e-07
2 140538.468000 5.54491e-06
1 68904.846000 0.000666965
1 69245.204000 6.66118e-06
1 69332.260000 2.1255e-06
1 69001.885000 1.03221e-06
1 69053.981000 5.55908e-06
1 69047.594000 1.75913e-06
1 69056.009000 1.52389e-06
1 69316.651000 3.58146e-06
1 69085.993000 1.84108e-06
1 68974.008000 7.5395e-06
1 72056.130000 1.5018e-06
1 67901.222000 0.000135988
1 69998.982000 1.26216e-06
1 69066.239000 1.0679e-06
1 69060.976000 7.99731e-06
1 69007.565000 1.04159e-06
1 69042.274000 5.88456e-05
1 69015.812000 2.99878e-07
1 69164.226000 1.04272e-06
1 69095.863000 4.19688e-06
1 70384.767000 4.09747e-07
1 69493.791000 8.4372e-05
1 68495.825000 0.000146072
1 68964.275000 4.30051e-06
1 69055.335000 1.2444e-06
1 69058.070000 4.69354e-08
1 68983.148000 7.34398e-06
1 68920.352000 1.51597e-06
1 69003.937000 4.3545e-07
1 69014.389000 2.12525e-05
1 71755.630000 8.64025e-05
1 67900.118000 2.24487e-07
1 69623.852000 3.46809e-06
1 69049.933000 1.73572e-06
1 69101.710000 3.48003e-06
1 69015.020000 7.09721e-06
1 68997.362000 4.86793e-07
1 69008.054000 1.71883e-05
1 69149.229000 2.68353e-06
1 72376.246000 1.40448e-06
1 68228.206000 1.6153e-06
1 69099.087000 3.37516e-07
1 68966.293000 9.75949e-06
1 68979.022000 3.04048e-07
1 68946.181000 1.17145e-05
1 68952.267000 1.19328e-05
1 68977.475000 6.21671e-05
1 71056.757000 2.53781e-07
1 68410.936000 1.87253e-05
1 69050.392000 1.8832e-06
1 68940.946000 6.20912e-05
1 69128.722000 2.81715e-05
1 68893.547000 1.76131e-07
1 69038.753000 6.08454e-07
1 70769.793000 3.6678e-07
1 68511.497000 6.30698e-05
1 68918.512000 0.000138124
1 68919.760000 4.69238e-07
1 68987.176000 4.00946e-05
1 68985.216000 2.15899e-06
1 70985.776000 3.61864e-07
1 68245.766000 4.15322e-07
1 69004.524000 0.000818117
1 68957.427000 1.65125e-06
1 69133.524000 2.82419e-05
1 69390.241000 3.63254e-06
1 68952.491000 1.59764e-06
2 136191.516000 4.669e-08
1 68570.922000 3.65778e-07
1 69284.689000 0.000116993
1 68478.718000 9.64335e-07
1 68532.292000 1.0196e-07
1 68496.299000 3.224e-06
1 68519.491000 8.91143e-07
1 69195.319000 7.95309e-08
1 68541.134000 1.96738e-05
1 68507.098000 0.000338453
1 69841.282000 8.11701e-05
1 67814.749000 3.47181e-06
1 68428.456000 2.4909e-07
1 69589.828000 0.00083965
1 67805.412000 0.000274403
1 68435.885000 6.26569e-08
1 70002.399000 1.72222e-06
1 68556.212000 7.68852e-07
1 69003.979000 8.80661e-05
1 68992.292000 9.77724e-06
1 68546.082000 2.76512e-07
1 68942.785000 3.27007e-06
1 69172.810000 0.000153326
1 70464.830000 6.18259e-05
1 72510.249000 0.000773668
1 68605.445000 4.91011e-06
1 66863.901000 3.03083e-06
1 72509.419000 0.000409571
1 69227.978000 2.65545e-05
1 66940.805000 8.91764e-06
1 72438.212000 0.000369376
1 69391.024000 3.52605e-05
1 66991.684000 3.22703e-07
1 72212.257000 1.45127e-07
1 69491.016000 5.6383e-07
1 66915.275000 2.77991e-07
1 70987.965000 8.48982e-06
1 70932.735000 6.54174e-06
1 71162.442000 3.22391e-08
1 72749.866000 1.16509e-07
1 69152.544000 5.54691e-07
1 67166.643000 0.000108316
1 68242.641000 4.6331e-07
1 68309.934000 7.792e-08
1 68343.369000 1.81764e-06
1 68473.169000 6.83309e-07
1 68392.560000 1.58222e-06
1 68196.176000 4.35016e-06
1 68218.623000 2.62357e-06
1 68255.595000 0.000753124
1 68195.539000 1.18391e-06
1 68239.229000 3.52246e-06
1 68238.583000 9.72217e-06
1 68191.580000 7.30928e-07
1 68258.762000 1.77096e-05
1 68194.117000 3.16202e-05
1 68250.887000 2.02136e-06
1 68212.673000 1.44483e-06
1 68335.942000 3.09214e-05
1 70942.862000 6.74019e-06
1 71307.320000 4.27771e-05
1 67084.860000 1.84754e-07
1 67943.927000 9.76822e-06
1 68272.511000 3.85468e-07
1 68266.782000 2.20748e-07
1 68268.793000 1.30956e-05
1 68293.748000 3.88653e-07
1 68207.520000 1.2258e-06
1 68195.134000 1.98451e-07
1 68247.947000 0.00024643
1 68397.587000 8.71848e-06
1 68342.798000 3.39674e-06
1 68315.432000 1.99453e-08
1 68325.632000 7.33741e-07
1 68346.738000 7.91484e-06
1 68268.465000 3.30424e-05
1 68256.383000 2.48512e-06
1 68276.380000 9.96571e-06
1 69767.389000 9.33618e-07
1 70359.401000 3.72228e-06
1 67087.527000 6.52313e-06
1 68155.555000 4.18039e-07
1 68306.418000 2.05276e-07
1 68298.903000 7.73593e-05
1 68370.211000 2.4007e-06
1 68403.057000 2.95454e-06
1 68343.339000 9.06341e-08
1 68210.600000 4.1746e-06
1 68252.343000 6.85115e-07
1 68341.104000 6.76226e-06
1 68179.576000 5.71072e-08
1 68319.896000 5.39563e-09
1 68326.436000 2.54846e-06
2 136925.194000 0.00018216
1 68354.070000 6.03194e-07
1 72098.433000 1.08284e-06
1 67288.724000 4.21368e-07
1 67401.225000 1.08589e-05
1 68334.203000 3.9956e-06
1 68214.696000 7.94526e-06
1 68288.221000 6.34264e-06
1 68288.132000 4.11552e-06
1 68328.414000 5.15322e-07
1 68275.288000 7.08773e-07
1 68352.293000 0.000373795
1 68323.857000 5.41754e-06
1 68262.234000 3.07442e-06
1 68190.080000 3.80444e-06
1 68323.367000 1.90737e-07
1 68261.892000 3.30524e-07
1 68358.983000 3.87524e-07
1 69462.814000 5.15342e-07
1 70245.379000 7.53819e-05
1 67099.676000 1.04216e-06
2 136172.698000 2.95787e-05
1 68429.043000 2.00316e-05
1 68254.148000 0.000313369
1 68267.518000 7.86084e-05
1 68274.834000 6.04812e-07
1 68222.688000 4.8907e-08
1 68225.411000 5.23604e-06
2 135944.582000 1.41269e-06
1 68440.988000 9.25698e-07
1 68226.244000 1.64122e-05
1 68316.238000 0.000109001
1 72041.893000 3.06431e-05
1 67122.986000 2.49251e-08
1 68042.498000 1.42215e-06
1 68332.081000 0.000407406
1 68232.753000 8.24931e-06
1 68208.814000 2.1836e-05
1 68244.606000 5.22967e-06
1 68204.077000 8.91202e-05
1 68266.240000 0.000174322
1 68347.409000 4.12981e-08
1 68241.579000 1.25099e-05
1 68227.584000 7.00799e-06
1 68294.892000 7.78952e-05
1 68274.438000 0.000120785
1 71414.568000 3.66765e-06
1 67146.776000 3.24745e-06
1 68120.770000 0.000964575
1 68292.214000 4.27681e-07
1 68265.569000 8.54539e-07
1 68213.908000 5.45995e-06
1 68286.304000 8.727e-05
1 68233.380000 1.41944e-06
1 68236.673000 8.87272e-06
1 68115.640000 3.58572e-06
1 68353.233000 0.000198964
1 68324.546000 7.71849e-06
1 68267.605000 6.14908e-08
1 71283.190000 0.000842152
1 67315.806000 5.74e-05
1 68193.679000 0.000958181
1 68298.767000 2.37417e-07
1 68300.900000 4.55587e-07
1 68329.346000 0.000526471
1 68330.984000 2.30739e-06
1 68194.180000 1.27236e-07
1 68261.309000 0.000397434
1 68333.971000 3.12229e-06
1 68418.649000 2.80624e-06
1 69795.212000 7.7772e-06
1 69199.336000 2.78284e-06
1 67623.510000 7.28882e-07
1 68350.179000 2.07423e-06
1 68291.960000 5.81601e-07
1 68190.156000 1.77181e-05
1 68334.789000 2.48427e-05
1 68175.670000 2.18133e-07
1 68202.137000 1.83922e-06
1 68303.654000 1.90267e-05
1 68262.427000 1.05767e-05
1 71332.092000 4.9854e-06
1 67206.782000 1.08327e-05
1 68085.930000 7.84091e-06
1 68266.405000 3.9024e-06
1 68357.623000 3.88143e-07
1 68342.179000 2.13274e-08
1 68332.122000 1.26345e-05
1 68230.825000 0.000526681
1 68291.590000 1.0635e-06
1 68209.287000 0.000161561
1 70835.179000 6.30798e-07
2 134879.250000 1.38184e-06
1 68475.126000 4.21617e-05
1 68291.557000 0.000314325
1 68411.983000 3.24393e-08
1 68244.875000 6.61714e-07
1 68252.092000 0.000650461
1 68262.382000 3.20113e-05
1 70932.263000 7.09651e-06
1 67415.669000 9.33633e-08
1 68372.796000 2.17384e-06
1 68352.806000 1.0802e-05
1 68297.677000 5.60409e-07
1 68308.581000 8.41964e-07
1 68299.079000 4.34948e-05
1 68244.678000 5.25823e-06
1 70513.352000 1.00674e-05
1 67616.164000 5.17535e-07
2 135942.922000 2.71301e-05
1 68332.078000 1.11517e-06
1 68368.581000 4.9863e-07
1 68266.944000 0.000385798
1 70466.100000 3.55273e-05
1 67345.257000 0.000175267
1 68291.930000 6.04446e-06
1 68151.873000 1.26717e-06
1 68240.966000 2.36994e-09
1 68231.154000 7.96955e-07
1 69835.109000 3.6501e-07
1 67718.127000 2.79495e-08
1 68441.683000 9.06771e-07
2 135968.851000 2.32721e-06
1 68420.163000 4.15053e-05
2 137236.879000 2.08054e-05
1 69517.625000 1.6458e-06
1 68360.597000 5.60939e-06
1 68346.575000 5.13448e-07
1 69910.018000 4.26652e-06
1 81536.859000 9.09823e-06
1 78301.824000 2.61976e-07
1 77955.401000 8.92322e-06
2 154865.796000 2.13651e-07
2 155144.586000 6.9336e-05
1 77841.248000 0.000348792
1 77723.701000 0.000474726
1 77845.353000 1.71026e-05
1 77813.197000 7.87591e-06
1 78092.699000 4.91893e-07
1 77779.197000 3.5448e-07
1 77914.049000 3.38786e-05
1 77967.572000 8.74837e-06
1 77942.593000 0.00032261
1 78043.837000 6.72033e-08
1 78458.281000 0.000221325
1 78477.100000 0.000306962
1 78295.351000 1.82803e-06
1 78248.762000 7.36586e-08
2 158712.844000 8.3442e-07
1 79656.449000 2.31555e-06
1 79554.143000 3.70969e-08
1 79436.168000 4.98793e-06
1 79429.854000 0.000994228
1 79523.756000 7.40657e-07
1 79600.531000 9.9398e-05
1 79590.708000 2.00872e-06
1 79579.750000 1.16758e-06
1 79661.586000 0.000295023
1 79543.978000 1.1475e-06
1 79561.306000 4.44507e-08
1 79397.100000 5.94336e-07
1 79304.519000 3.58262e-05
1 79463.097000 4.86467e-05
1 78356.033000 0.000289771
1 77839.182000 2.81705e-06
1 77983.707000 5.06322e-06
1 77976.918000 7.17345e-05
1 77744.991000 1.0577e-07
1 77659.444000 3.78779e-07
1 77940.205000 5.19265e-06
1 77996.224000 1.99946e-06
1 78905.594000 1.13405e-06
1 78047.765000 3.44111e-06
1 78200.399000 2.35759e-06
1 78524.514000 4.37374e-05
1 78424.155000 6.77197e-06
1 78300.444000 1.25072e-06
2 149537.532000 3.71344e-05
1 78493.009000 3.10483e-05
1 78266.821000 3.81578e-05
1 77995.289000 7.03677e-06
1 77855.185000 6.23527e-06
1 77776.285000 9.40447e-05
1 77945.624000 7.17271e-06
1 78493.480000 5.17476e-07
1 79760.060000 1.60731e-06
1 79782.436000 1.06578e-06
1 79879.894000 6.59004e-06
1 79647.546000 2.4821e-05
1 80027.677000 2.06857e-07
1 79952.162000 3.82455e-06
1 79885.795000 1.04349e-06
1 79852.945000 4.88014e-07
1 78784.633000 6.73411e-06
1 78584.967000 4.45613e-07
1 77991.598000 8.86956e-06
1 77884.096000 7.54497e-08
1 77939.528000 0.000681981
1 78229.784000 4.03933e-06
1 77970.187000 4.67886e-06
1 77995.589000 4.25617e-07
1 77964.157000 1.19287e-06
1 77832.257000 8.10925e-06
1 77992.989000 1.96104e-06
1 78018.000000 5.94471e-07
1 77962.107000 7.18054e-07
1 77892.775000 4.18533e-06
1 77788.115000 2.42837e-05
1 77888.966000 2.21426e-05
1 79092.824000 3.16116e-06
1 78153.007000 1.88422e-07
1 77931.373000 1.10834e-05
1 77984.840000 3.00417e-05
1 77925.687000 1.03072e-07
1 77969.880000 6.20723e-06
1 78037.889000 2.4636e-06
1 78273.136000 6.59819e-07
1 78020.593000 0.000113149
1 77820.055000 1.86918e-05
2 154478.731000 1.68744e-05
1 77931.882000 5.10941e-07
1 78106.205000 5.63866e-06
1 78366.829000 1.90074e-07
1 78894.668000 1.66837e-08
1 79190.236000 2.35573e-07
1 79223.020000 2.30221e-05
2 157808.256000 3.89934e-06
1 79918.095000 5.87654e-06
1 79303.251000 2.04946e-06
1 79129.808000 8.36411e-06
1 79237.416000 1.50539e-05
1 79407.398000 1.94833e-05
1 79459.874000 0.000156693
1 79103.248000 2.99271e-07
1 79367.667000 1.63324e-06
1 79381.995000 4.19292e-05
1 79408.609000 0.000105767
1 79382.550000 2.40407e-05
1 78618.661000 0.000114579
1 77895.304000 0.000102432
1 77620.843000 0.000235509
1 77752.936000 2.71793e-06
1 77730.601000 6.22297e-05
1 77714.146000 8.52175e-07
1 78286.985000 2.90443e-05
1 78230.981000 1.61535e-07
1 77837.221000 1.22587e-07
1 77582.133000 0.000782159
1 77733.043000 1.36283e-05
1 77719.194000 0.000268135
1 77692.541000 8.35705e-08
1 77927.889000 3.13143e-06
1 77458.639000 1.83194e-07
1 77569.928000 0.000595623
1 77580.309000 2.16572e-06
2 155000.971000 7.67277e-06
1 77763.285000 5.32976e-05
1 77572.048000 7.96406e-07
1 77721.035000 1.99503e-07
1 77567.346000 1.51284e-05
1 77752.326000 0.000126326
1 77528.878000 8.49522e-06
1 77624.029000 0.00012215
1 77621.262000 1.37227e-06
1 77848.420000 0.000453118
1 77736.288000 1.87961e-05
1 77763.898000 4.97396e-05
1 77793.272000 3.44427e-07
1 77767.294000 1.9593e-06
1 77797.246000 5.72943e-06
1 78021.578000 0.000315892
1 77735.115000 4.57301e-08
1 77730.654000 8.2083e-06
1 77923.356000 1.59552e-06
1 78921.709000 2.41998e-08
1 77883.646000 0.0004764
1 77896.124000 4.75119e-07
1 77953.374000 7.85133e-05
1 77937.151000 1.19578e-05
1 78300.092000 2.50189e-05
1 77928.625000 0.000592891
1 77659.115000 9.82107e-07
1 77861.351000 1.78002e-06
1 78011.788000 1.23537e-05
1 77970.551000 9.77413e-06
1 78311.918000 9.30591e-06
1 79294.598000 2.00975e-07
1 79349.801000 9.99922e-07
1 79468.751000 7.10685e-06
1 79647.056000 8.25537e-06
1 79569.725000 3.81156e-06
1 79484.242000 3.22225e-05
1 79546.624000 1.64468e-07
1 79901.377000 9.69689e-06
1 79209.747000 9.4781e-06
1 79712.015000 2.83215e-06
1 79471.536000 3.62226e-07
1 79274.003000 9.25414e-06
1 79344.610000 1.60199e-05
1 79116.915000 1.71128e-06
1 78977.221000 2.21112e-06
1 78311.061000 6.64832e-06
2 156926.433000 1.68279e-06
1 78773.695000 3.10396e-06
1 77904.806000 1.56748e-06
1 77991.957000 7.03967e-07
1 77940.576000 7.08521e-08
1 77866.860000 3.5948e-06
1 78135.932000 4.55819e-07
1 78155.632000 4.67227e-06
1 78145.678000 7.43842e-06
1 78168.762000 2.16912e-06
1 78097.623000 3.32621e-06
1 78191.621000 1.93526e-06
1 78071.397000 6.44076e-05
2 155915.822000 3.60632e-09
1 78202.613000 5.41478e-05
1 77931.600000 5.07992e-06
1 78025.119000 5.06786e-08
1 78109.648000 5.63907e-05
1 78004.646000 0.000103905
1 78047.456000 8.05469e-07
1 78178.441000 4.12684e-06
1 78148.378000 3.32655e-05
1 78056.768000 3.19675e-05
1 78160.865000 7.68353e-07
1 78132.530000 7.99964e-08
1 77976.593000 3.68243e-06
1 77866.922000 2.40552e-05
1 78213.321000 2.48862e-05
1 78171.252000 0.00044276
1 78040.427000 6.91755e-06
1 78167.709000 2.72634e-06
1 78431.126000 6.43852e-06
1 78150.020000 3.55025e-06
1 78169.443000 1.66153e-06
1 77987.300000 3.71417e-06
1 78558.046000 2.88135e-05
1 78133.082000 0.000697344
1 78158.247000 5.57432e-07
1 78145.185000 3.2158e-06
2 155469.740000 4.91584e-06
1 78123.191000 0.000392659
1 77981.507000 2.37026e-06
2 155186.760000 4.5833e-07
2 155359.446000 1.81864e-05
1 78262.395000 0.00055592
1 77981.982000 3.42329e-08
1 78872.459000 1.25217e-05
1 78312.805000 2.9533e-06
1 78196.128000 0.000169387
1 78235.201000 3.74562e-06
1 78235.450000 2.1118e-06
1 78264.818000 1.11294e-05
1 78215.003000 5.79046e-06
1 78080.809000 0.000197206
1 78164.296000 6.85484e-05
1 78143.112000 2.40351e-06
1 78039.915000 1.72438e-06
1 78082.765000 0.000171515
1 78096.371000 6.33454e-06
1 78175.208000 1.45249e-06
1 78008.326000 1.36423e-07
1 78309.448000 3.43015e-06
1 77987.122000 5.67522e-06
1 78152.652000 2.28122e-05
1 78176.655000 4.11016e-07
2 155238.656000 1.58057e-05
1 78593.023000 3.37651e-06
1 78192.848000 2.28158e-06
1 78254.124000 7.96948e-06
1 78059.640000 3.86298e-08
1 78043.726000 3.97015e-06
2 155187.964000 8.62155e-08
1 78286.562000 6.86759e-07
1 78381.555000 7.24195e-06
1 77970.185000 5.08294e-06
1 78064.285000 1.44543e-05
1 78071.279000 7.0568e-05
1 78156.292000 2.98004e-07
1 78197.477000 6.16055e-06
1 79042.588000 0.000261213
1 78151.940000 1.17581e-06
1 78019.154000 2.94166e-05
1 77970.010000 3.52139e-06
1 78010.371000 2.04382e-07
1 78146.204000 4.16407e-05
1 78133.620000 5.77335e-08
1 77959.913000 9.48422e-07
1 77915.651000 2.15966e-06
1 78164.967000 1.40747e-05
1 78078.584000 2.75617e-06
1 78225.799000 2.19797e-06
1 77980.541000 8.83753e-06
1 78032.437000 0.000366763
1 77928.144000 5.41651e-07
1 77999.007000 8.97576e-07
1 77862.456000 3.94449e-07
1 77995.848000 1.7437e-05
1 77923.367000 2.4083e-05
1 77962.816000 1.30006e-05
1 77935.791000 3.27632e-05
1 77986.655000 3.99476e-06
1 78829.385000 4.42274e-06
1 79796.001000 1.36626e-06
1 78901.141000 1.44171e-06
1 78765.381000 6.11588e-05
1 78872.852000 5.60352e-07
1 78675.142000 2.02578e-06
1 78851.530000 1.41471e-06
1 79269.907000 1.7881e-06
1 78480.671000 4.63356e-08
1 78368.362000 1.42255e-06
1 78354.409000 1.7209e-06
1 78385.946000 5.11908e-06
1 78205.562000 6.4572e-07
1 78054.198000 5.00551e-07
1 78162.773000 1.35395e-05
1 78271.041000 2.0517e-05
1 78501.903000 1.07092e-06
1 77909.329000 0.000135073
1 78103.940000 9.99141e-07
1 78020.746000 2.7716e-05
1 77793.763000 4.23397e-05
1 78054.148000 6.21624e-07
1 78105.365000 8.41288e-07
1 78110.247000 7.60047e-06
1 78273.050000 2.78907e-05
1 78189.918000 4.68793e-06
