33 79344.788000 0.00354031
55 55151.020000 0.00360661
80 73102.486000 0.00545689
15 13836.168000 0.00693802
36 32987.221000 0.0034142
66 60162.369000 0.00450821
73 66646.858000 0.00285467
23 20957.804000 0.00453876
3 2805.074000 0.00496253
75 66032.181000 0.0070612
6 5520.871000 0.00588978
34 31084.501000 0.00754913
13 11836.377000 0.00569336
98 86558.512000 0.00450971
43 39076.989000 0.00819444
72 65162.117000 0.0068826
40 36387.255000 0.00513481
42 38280.074000 0.00450501
95 86058.094000 0.00231034
80 72757.433000 0.00557645
38 34629.375000 0.00739596
41 39140.704000 0.00241249
80 73788.768000 0.00226982
43 37918.609000 0.00582279
2 1912.850000 0.00336524
26 23625.979000 0.00867888
23 20679.674000 0.00600005
66 59480.933000 0.00613641
70 61679.500000 0.00182799
56 50440.806000 0.00381658
69 62298.543000 0.00232733
92 82843.698000 0.00160502
2 1875.499000 0.00607018
54 49120.773000 0.00872678
17 15582.544000 0.0065129
33 30045.425000 0.0059018
94 85455.421000 0.00316528
2 1921.705000 0.00374268
31 28377.103000 0.00244509
64 57533.104000 0.00329405
80 72643.746000 0.00434794
50 45450.245000 0.00272152
17 15522.656000 0.00293186
37 33588.299000 0.00935559
91 82545.725000 0.0017437
99 89515.336000 0.00662265
60 52716.631000 0.00296393
2 1922.553000 0.00823551
18 16321.797000 0.00371354
77 69596.159000 0.00826955
31 28287.389000 0.00540445
65 58930.316000 0.00244498
17 15448.297000 0.00468451
61 54664.977000 0.00675932
7 6476.214000 0.00295439
12 10960.625000 0.00445799
93 84154.451000 0.00657133
27 24419.649000 0.00814167
81 73036.639000 0.0019881
48 43558.076000 0.00179897
44 39644.422000 0.0036686
152 146419.255000 0.00747251
25 22594.887000 0.00527885
88 79511.015000 0.00462411
24 21866.883000 0.00626498
56 50792.451000 0.00629976
76 68638.650000 0.00684889
20 18160.336000 0.00258182
72 65738.567000 0.00456736
83 74983.279000 0.00405523
29 26444.205000 0.000733155
56 50608.173000 0.00268291
50 45250.745000 0.00436896
47 42199.623000 0.00277378
35 31888.899000 0.00171104
46 41102.536000 0.00265088
83 75000.302000 0.00587121
16 14589.273000 0.00689471
40 36371.520000 0.00484725
2 1873.323000 0.00145191
97 85942.502000 0.00967512
41 37285.970000 0.0049919
42 38049.383000 0.00811392
13 11823.933000 0.00681968
44 39843.051000 0.00265666
63 57219.876000 0.00586347
54 47748.662000 0.00830108
49 44702.395000 0.00269625
28 25453.783000 0.00343872
7 6412.212000 0.00440142
39 35486.360000 0.0031367
91 82603.508000 0.00698716
98 90523.673000 0.00310645
33 29896.640000 0.00777337
42 38154.500000 0.00769802
40 36097.851000 0.00298609
18 16006.130000 0.00424999
57 50639.810000 0.00716859
80 70576.557000 0.00155508
28 25283.631000 0.00352047
8 7275.793000 0.00361345
54 48836.906000 0.0086688
77 69681.203000 0.00274639
98 86892.541000 0.00307571
74 67282.797000 0.00289305
27 24426.337000 0.0028241
50 45267.796000 0.00207319
92 83357.187000 0.00488095
10 9159.398000 0.00472086
16 14677.320000 0.00711375
80 72659.582000 0.00153799
21 19089.525000 0.00712993
86 77231.076000 0.00257353
70 63325.987000 0.00567157
22 20067.332000 0.00257315
25 22719.147000 0.00577501
76 63026.913000 0.00602433
57 47100.351000 0.00351807
74 61224.503000 0.00410638
94 77548.430000 0.00228905
31 25620.987000 0.00394998
16 13228.660000 0.00120649
46 37375.744000 0.00503955
6 5121.496000 0.0058226
41 33735.307000 0.00225099
9 7506.683000 0.00368875
75 62068.869000 0.00153542
12 9941.005000 0.00939267
64 52840.111000 0.00489476
29 23930.085000 0.00365338
28 23106.748000 0.00167375
65 53809.596000 0.00278788
11 9114.119000 0.00623871
4 3344.924000 0.00403136
8 6785.545000 0.00563359
79 64838.650000 0.00639689
83 68437.812000 0.00683537
39 32164.228000 0.00389101
10 8287.882000 0.00472778
94 79091.790000 0.00430262
64 52709.670000 0.00232882
29 23895.294000 0.0021495
51 41944.114000 0.00554733
85 69781.106000 0.00112873
3 2530.261000 0.0061883
63 51252.542000 0.00530716
1 878.069000 0.00535498
47 40073.274000 0.00430284
89 73212.792000 0.00579821
7 5787.811000 0.00886867
89 72274.794000 0.00260455
63 51836.860000 0.00583862
98 80498.351000 0.00686506
68 55745.950000 0.00610664
69 57220.596000 0.00251018
93 76227.388000 0.00762429
5 4194.824000 0.00483573
88 72328.223000 0.00273301
20 16460.097000 0.00147272
47 42170.472000 0.0059986
31 25616.278000 0.00504019
38 34784.469000 0.00559041
28 23106.139000 0.000974786
30 24709.860000 0.00837717
19 15986.054000 0.00599985
26 21540.058000 0.00815312
13 10799.824000 0.00628923
76 63597.791000 0.00368403
9 7498.631000 0.00521412
64 53139.753000 0.00727551
82 67626.263000 0.00451643
30 24783.054000 0.0062383
1 914.568000 0.00954156
7 5881.990000 0.0041856
65 53726.159000 0.00463819
22 18156.412000 0.00278166
38 31233.433000 0.00567423
84 69192.912000 0.00831794
63 51754.275000 0.00459202
7 5820.903000 0.00318347
30 24741.912000 0.0058015
74 60908.332000 0.00292556
35 28950.619000 0.00702521
74 60799.616000 0.00537423
19 15697.022000 0.00566477
85 69903.131000 0.00532103
98 80051.288000 0.00389903
41 33965.971000 0.00563139
48 39491.900000 0.00360268
84 69051.860000 0.0072205
89 73548.703000 0.00290179
18 14855.709000 0.00520854
25 20588.235000 0.00602512
77 63372.018000 0.00802748
49 40327.856000 0.00314873
13 10770.250000 0.00386069
38 31265.060000 0.00679435
69 56741.515000 0.00652415
37 33677.670000 0.00728532
33 27180.041000 0.00626897
41 34287.871000 0.00286471
4 3373.251000 0.00375553
74 61183.207000 0.00596491
23 19016.517000 0.0025668
50 40817.104000 0.00603254
100 82230.097000 0.00425327
82 67601.573000 0.00770543
7 5832.499000 0.0084438
10 8290.669000 0.00233274
4 3353.606000 0.00521392
55 45400.466000 0.00432492
32 26806.079000 0.00713657
42 34558.129000 0.00623821
30 24768.723000 0.0074649
13 10818.056000 0.00240333
72 59190.000000 0.00508733
83 68306.659000 0.00483452
33 27186.775000 0.00470835
23 19062.351000 0.00536365
57 46936.656000 0.00383308
24 43748.032000 0.00380271
1 887.557000 0.00250331
85 69936.770000 0.00494828
76 62489.625000 0.00494726
90 74951.086000 0.00468091
17 14088.959000 0.00480202
8 6747.151000 0.00484573
15 12603.441000 0.00406867
59 49207.112000 0.00568893
30 25036.517000 0.0062762
7 5915.059000 0.00618531
18 15087.892000 0.00435804
4 3418.278000 0.00461837
52 43339.451000 0.00509616
65 54097.252000 0.006526
63 52482.876000 0.0050316
55 45876.305000 0.0082339
57 46946.535000 0.00447131
3 2564.242000 0.00713438
9 7558.608000 0.00583738
75 62456.304000 0.00515554
25 20856.477000 0.00218655
17 14233.170000 0.00763929
78 64960.855000 0.00385048
97 80710.293000 0.00652979
53 43619.500000 0.003067
25 20899.826000 0.00321128
20 16735.817000 0.00655013
157 150604.061000 0.00439963
41 33873.375000 0.00542218
60 49846.895000 0.00364662
159 151945.421000 0.00141639
74 61544.091000 0.00775337
85 70736.948000 0.00363499
70 58178.156000 0.00510936
33 27506.913000 0.00522781
40 33382.635000 0.0086573
60 49814.087000 0.00561492
39 32471.375000 0.00675729
38 31668.545000 0.00435687
40 33347.112000 0.00447076
22 18422.803000 0.00330371
80 66582.941000 0.00433291
29 24262.530000 0.00218653
25 20949.323000 0.00881535
5 4214.920000 0.0057629
84 69299.689000 0.004646
20 16726.187000 0.00476045
14 11746.535000 0.00643931
63 52543.025000 0.00561974
42 35042.879000 0.00309827
85 70765.300000 0.0063513
24 20100.037000 0.00392246
12 10101.445000 0.005306
1 901.711000 0.00256413
13 10922.917000 0.00515021
20 16693.599000 0.00510977
79 65732.643000 0.00464465
88 73201.860000 0.00540279
63 52432.276000 0.00672663
98 81746.344000 0.0052756
20 16721.188000 0.00863316
37 30566.383000 0.00594151
3 2541.408000 0.00388985
86 71565.713000 0.00940649
71 59131.908000 0.00798562
72 59985.593000 0.00609113
28 23390.772000 0.00708694
61 50908.036000 0.00711127
81 67135.152000 0.00531209
45 37533.259000 0.00549211
63 52370.112000 0.0056969
91 75525.034000 0.00236076
72 59959.470000 0.00411384
72 60002.138000 0.00392879
32 26758.220000 0.00257573
25 20925.867000 0.00634368
17 14197.387000 0.00199122
67 55860.948000 0.00580356
12 10093.573000 0.00517797
3 2599.529000 0.00556343
18 15119.730000 0.00552919
52 43360.615000 0.00663675
16 13392.634000 0.00848238
46 38365.298000 0.00651983
76 63317.117000 0.00351361
14 11734.883000 0.00778083
15 12599.074000 0.00208837
23 19226.370000 0.00424157
57 47511.386000 0.00909974
81 67254.544000 0.00315518
10 8414.408000 0.00692952
19 15961.355000 0.00398674
17 14292.390000 0.00221636
13 10935.858000 0.00225997
20 16707.602000 0.00638704
21 17566.718000 0.00477445
17 14237.743000 0.0060813
21 17589.354000 0.00368701
49 40855.607000 0.00917448
76 63280.606000 0.0043679
57 47476.697000 0.00503893
33 27525.103000 0.00928866
42 34963.150000 0.00362851
31 25921.670000 0.00731501
50 41678.737000 0.00332128
60 50011.724000 0.00387
15 12573.890000 0.00362299
2 1707.807000 0.00595503
24 20083.900000 0.00496677
38 31680.056000 0.00360068
9 7604.087000 0.00305219
29 24289.183000 0.00198143
63 52494.239000 0.00423744
43 35840.400000 0.00528776
75 62511.562000 0.00748338
71 59197.654000 0.00112867
60 49971.629000 0.00419826
23 20942.150000 0.00565562
80 72912.080000 0.00470104
12 10924.211000 0.00313
24 21789.101000 0.00450816
49 44498.156000 0.00259031
21 19061.631000 0.00997732
4 3658.930000 0.00166371
12 10961.022000 0.00526706
75 67309.026000 0.00414407
49 44426.568000 0.00301831
41 37159.629000 0.00416163
7 6348.869000 0.00317749
42 38047.495000 0.00438446
47 42532.221000 0.00401723
96 85799.624000 0.00903114
71 64475.621000 0.00396978
22 19947.348000 0.00508358
46 41385.220000 0.0062375
19 17247.200000 0.006762
65 89296.195000 0.00634394
39 35232.780000 0.00421108
62 56003.879000 0.00445118
28 25513.817000 0.00735378
16 14545.276000 0.00386097
52 47059.569000 0.0063854
54 48940.262000 0.00372648
14 12698.036000 0.00385547
12 10934.267000 0.00532808
2 1864.345000 0.00628404
54 48798.456000 0.00594489
83 75098.771000 0.00695671
12 10936.328000 0.00316622
82 74103.076000 0.00537409
41 37094.283000 0.00891877
26 23549.679000 0.00512263
66 59700.467000 0.00840538
85 76751.395000 0.00395751
17 15422.636000 0.00686746
54 48970.822000 0.00705657
79 71362.484000 0.00267482
18 16340.424000 0.00545231
47 42537.157000 0.00805664
71 64422.569000 0.00180519
17 15431.613000 0.00825644
87 78656.499000 0.00579899
33 29870.580000 0.00382654
90 80543.103000 0.00381694
49 44338.931000 0.00497796
10 9104.450000 0.00771559
100 90345.404000 0.00653328
64 57903.211000 0.00396532
51 46119.223000 0.00648887
91 81217.128000 0.00590021
55 49682.881000 0.00242595
3 2746.334000 0.00602778
31 28090.116000 0.00336426
47 42498.933000 0.00421149
43 38861.983000 0.0037985
141 138563.613000 0.00538857
89 80388.766000 0.00234557
8 7304.786000 0.00620022
81 73027.106000 0.00536864
13 11855.917000 0.00629833
41 37071.435000 0.00550617
6 5509.487000 0.00758606
44 39878.926000 0.00496345
75 67249.197000 0.00632516
28 25300.637000 0.00624353
5 4599.000000 0.00544014
19 17276.610000 0.00785295
28 25360.171000 0.00502355
86 77859.769000 0.00318968
20 18142.557000 0.00769965
9 8174.694000 0.00482214
58 52396.376000 0.00692275
63 56315.014000 0.00271484
22 19939.376000 0.00690713
32 28920.343000 0.00377826
74 67031.132000 0.00500128
14 12691.130000 0.00282133
55 49712.630000 0.00398248
88 78450.689000 0.00351768
9 8237.378000 0.00653332
41 37064.955000 0.00487859
23 21199.141000 0.00458164
31 27784.295000 0.00452696
75 67781.759000 0.0069695
3 2781.439000 0.00867492
71 64090.060000 0.00603613
66 59578.612000 0.00481203
1 977.799000 0.0033213
85 76825.926000 0.00489858
2 2281.921000 0.00711998
56 50877.235000 0.00415787
49 44295.117000 0.00432409
59 52630.422000 0.00580898
21 19000.651000 0.0089062
4 3694.504000 0.0041461
87 78596.558000 0.00516791
80 72397.175000 0.0092801
65 58732.457000 0.00646502
54 48762.322000 0.00372931
50 45176.122000 0.00757292
45 40813.388000 0.00876379
72 72130.285000 0.00217298
2 2109.669000 0.00554865
78 79150.204000 0.0049823
4 4098.262000 0.00605719
86 83257.025000 0.00603337
79 76582.484000 0.00603848
9 9144.180000 0.00655866
57 55411.581000 0.0023031
56 56110.803000 0.00592184
94 93981.152000 0.00906558
40 40001.276000 0.00710523
41 40915.960000 0.00404332
77 77409.753000 0.00503487
60 60582.055000 0.00198208
94 94186.125000 0.00365513
44 44268.002000 0.00453074
92 90549.317000 0.0072219
22 22291.730000 0.00431769
40 40571.779000 0.00350566
42 42632.911000 0.00379553
71 69450.988000 0.00457669
78 78660.261000 0.00372604
8 8199.611000 0.00777339
84 84454.687000 0.00720782
45 45229.547000 0.0065203
23 23277.552000 0.00116927
60 60117.678000 0.00678201
41 41365.070000 0.00584703
24 24211.987000 0.00492231
20 19937.736000 0.00661286
3 3074.011000 0.00723053
52 51979.234000 0.00982959
14 14152.469000 0.00658234
92 91646.386000 0.00468923
39 39016.383000 0.00689928
70 70282.327000 0.00622985
23 23015.636000 0.00802342
96 96052.416000 0.0050715
126 126188.849000 0.0025968
3 3068.692000 0.00337672
66 65731.441000 0.0026857
44 43236.538000 0.00380744
61 58817.609000 0.00223465
95 94491.990000 0.00835562
60 59871.526000 0.000981446
79 78764.551000 0.00475967
95 94539.461000 0.00763384
27 27476.054000 0.00305914
37 37057.780000 0.00368375
93 92693.235000 0.00683321
90 89867.496000 0.00800372
88 85589.388000 0.00351077
13 12577.330000 0.00344924
75 75035.265000 0.00173306
63 59562.426000 0.00532537
90 89217.778000 0.00938256
60 59800.730000 0.00500078
56 55806.757000 0.00704176
46 45822.848000 0.00296831
3 3097.573000 0.00357908
70 69624.569000 0.00535347
7 7024.239000 0.00407565
41 40720.181000 0.00814832
87 86219.343000 0.00715411
69 65400.524000 0.0069685
26 25867.159000 0.00338258
59 58617.663000 0.00341061
92 88524.845000 0.00246496
81 80243.091000 0.0011976
51 48781.143000 0.00436825
58 54624.489000 0.00319581
45 44623.521000 0.00797953
146 143913.308000 0.00471941
96 94845.085000 0.00588494
83 82462.005000 0.0045218
25 24891.285000 0.0046414
26 25855.413000 0.00654562
44 43665.497000 0.00461364
83 82344.870000 0.00836427
78 77354.481000 0.00685068
2 2055.464000 0.00245329
90 86669.066000 0.00393738
83 82316.846000 0.00648428
72 71420.530000 0.00642659
19 18849.571000 0.00612188
19 18895.974000 0.00502302
79 78187.739000 0.00483272
44 41608.262000 0.00406987
71 70378.680000 0.00191662
43 42650.912000 0.00334444
72 70812.713000 0.00495
16 15924.394000 0.00585009
68 67172.858000 0.00341129
53 52636.167000 0.00508363
19 18865.724000 0.00635607
34 33713.042000 0.00174639
74 69918.475000 0.00176635
18 17751.774000 0.00527211
66 65509.843000 0.000859461
89 83720.151000 0.00327138
1 1066.655000 0.00429626
47 46574.937000 0.00685563
95 93871.179000 0.00711453
33 32698.690000 0.00601498
63 62637.804000 0.00584397
33 32616.025000 0.00433001
79 78381.422000 0.00559169
12 12006.003000 0.00246199
62 58621.013000 0.00548589
44 41811.200000 0.00174183
64 60493.439000 0.0048917
2 1849.944000 0.00691697
50 45567.127000 0.000718309
53 50046.558000 0.00887142
44 41623.010000 0.00325404
91 85962.981000 0.0023217
29 27388.870000 0.00932023
69 65176.170000 0.00465332
53 49455.789000 0.00808807
54 49901.512000 0.00427244
57 52040.526000 0.00400473
25 23441.386000 0.00467201
27 25392.907000 0.00518114
18 16931.833000 0.00560664
11 10264.199000 0.00531098
24 22587.146000 0.00697489
52 48903.135000 0.00185753
96 90203.193000 0.00579814
28 25180.400000 0.00267205
49 45748.420000 0.00268432
22 20529.020000 0.00502686
43 40585.913000 0.00523486
12 11360.312000 0.00422153
70 65566.992000 0.00288486
68 64051.137000 0.0073561
60 56446.654000 0.00901461
63 59528.993000 0.00301716
95 89237.610000 0.00534674
20 18891.943000 0.00282328
60 56468.961000 0.00621959
59 55768.771000 0.00953807
99 93611.931000 0.00737064
93 88637.228000 0.00366571
5 4657.508000 0.00921355
48 45316.250000 0.00585464
69 64887.880000 0.00698923
19 17879.997000 0.00373321
88 83334.054000 0.0050452
51 47964.076000 0.00970294
28 26374.896000 0.00302662
37 34816.337000 0.00784228
94 88522.826000 0.00589778
9 8421.457000 0.00462244
13 12246.470000 0.00835328
32 30243.773000 0.00393256
90 84677.498000 0.00569597
7 6558.747000 0.00634901
43 40603.416000 0.00444782
60 56167.495000 0.00912447
78 73374.486000 0.00594235
24 22639.007000 0.00613751
79 74535.811000 0.00271643
19 17854.903000 0.00311043
26 24607.797000 0.00337049
87 81947.399000 0.0064565
1 962.639000 0.00159357
13 12385.149000 0.00689849
98 92103.048000 0.00739214
9 8437.739000 0.00558169
55 51990.859000 0.00638634
90 84885.867000 0.00953934
26 24388.615000 0.00775359
39 36619.896000 0.00414322
100 94449.385000 0.00244372
33 31086.236000 0.00771534
85 80310.768000 0.00547898
49 46292.044000 0.00478019
41 38661.589000 0.00830515
34 32198.799000 0.00515351
50 46315.258000 0.00433283
63 59765.303000 0.00281189
55 52030.623000 0.00711694
8 7477.235000 0.0052256
54 50795.081000 0.00552389
49 46245.917000 0.00505412
74 69806.218000 0.00695483
80 73155.828000 0.00260067
99 93212.118000 0.00612564
60 56585.267000 0.00735937
16 15142.338000 0.00328456
33 31010.068000 0.00694147
97 91553.308000 0.00815515
60 56699.293000 0.00510544
75 70856.940000 0.00465089
20 18755.999000 0.00815544
42 39703.555000 0.00513228
12 11265.656000 0.0063452
79 74558.249000 0.00391848
13 12172.864000 0.00640438
20 18863.900000 0.00247518
55 51882.086000 0.00259567
67 63190.480000 0.00420321
84 76928.124000 0.00508855
56 52748.933000 0.00688285
61 57728.661000 0.00797401
69 62192.256000 0.00375163
37 34873.689000 0.00203034
17 16026.389000 0.00382852
11 10442.232000 0.00500879
27 25402.237000 0.00349677
23 21682.735000 0.00439169
69 65195.052000 0.000847661
3 2739.228000 0.00727302
41 37036.118000 0.00266964
53 49910.826000 0.00855205
94 88112.123000 0.00362123
16 14977.547000 0.0032726
97 87825.251000 0.00335344
32 30206.000000 0.00730122
89 84155.415000 0.00314759
40 37732.847000 0.00583519
62 58630.552000 0.00661002
41 37863.771000 0.00234633
4 3678.206000 0.0068573
26 24527.385000 0.00866182
24 22564.935000 0.00293184
75 70792.606000 0.00650334
79 74714.316000 0.00200895
50 47148.041000 0.00713186
7 6476.437000 0.005756
30 28098.397000 0.00595794
24 22559.551000 0.00355766
58 54675.839000 0.00344175
57 53718.335000 0.00777294
85 80181.711000 0.00639242
90 84785.273000 0.00588172
96 90393.585000 0.00515183
6 5550.717000 0.00539312
18 17002.049000 0.00128228
41 38949.915000 0.00464507
83 78540.497000 0.00752667
81 76925.959000 0.00254408
11 10531.042000 0.00649354
60 56822.788000 0.00697365
51 48816.635000 0.00237407
85 80395.356000 0.0036156
33 31354.613000 0.00599425
4 3880.730000 0.00504552
34 32113.923000 0.00217101
73 69065.043000 0.00755554
18 17169.053000 0.00542666
77 73161.259000 0.00888606
20 18845.564000 0.00596917
14 13286.786000 0.00730294
79 74473.586000 0.00524265
84 78987.772000 0.00631317
17 15998.669000 0.00580496
69 64700.542000 0.00642123
49 44747.149000 0.00399122
32 30283.928000 0.00531245
30 28378.712000 0.00295957
37 34915.241000 0.00476849
16 15212.823000 0.00403756
6 5756.122000 0.00559549
89 83792.749000 0.00658354
11 10946.378000 0.00391247
55 52555.590000 0.00201383
20 19171.362000 0.00251101
42 40150.858000 0.00666224
65 61935.940000 0.00936804
1 1026.058000 0.00381681
35 33501.948000 0.00727763
14 13440.202000 0.00376118
73 69531.795000 0.00507016
127 125277.567000 0.0018414
52 49599.513000 0.00494775
8 7757.421000 0.00754375
31 29602.948000 0.00538386
41 39097.021000 0.00418345
63 58613.338000 0.00541514
10 9597.647000 0.00842791
80 76197.660000 0.00485703
82 78274.555000 0.00570026
19 18206.842000 0.0030761
18 17218.392000 0.00655349
91 83289.224000 0.00765551
8 7671.874000 0.00650739
60 54777.295000 0.00864802
48 45916.862000 0.00666786
95 86614.884000 0.0075249
70 66581.929000 0.0033243
40 38122.442000 0.00569918
11 10591.696000 0.00205168
45 42946.136000 0.00196445
64 61074.186000 0.00205556
62 58394.653000 0.00614214
54 52300.640000 0.00824234
19 18136.012000 0.00286761
60 54847.809000 0.00640048
13 12412.020000 0.00987358
85 80405.447000 0.00590709
44 41640.022000 0.00681266
46 43597.496000 0.00669017
13 12458.319000 0.00373267
60 56894.225000 0.00942865
58 54136.957000 0.00370496
4 3928.978000 0.00278275
8 7698.473000 0.0040817
81 76881.337000 0.00530039
82 77632.887000 0.00668734
40 37949.722000 0.00570269
15 14317.331000 0.00776318
177 172125.062000 0.0099262
51 48309.831000 0.00390908
40 35981.946000 0.00544624
47 44456.264000 0.00871842
35 33130.149000 0.00491636
68 64170.321000 0.00248435
74 70275.272000 0.00587269
50 47597.136000 0.00225338
60 56648.658000 0.00419945
42 39986.630000 0.00357279
60 56772.607000 0.00977139
55 52097.528000 0.00478072
83 78640.205000 0.003178
30 28075.956000 0.00728838
30 28566.679000 0.00455022
87 82517.039000 0.00444265
28 26571.032000 0.00401417
31 29489.782000 0.00557106
34 31929.392000 0.00649093
4 3892.066000 0.00560328
106 104535.967000 0.00803002
73 69281.813000 0.00364384
18 17218.200000 0.00681516
57 53940.984000 0.00495503
67 61767.363000 0.00397028
44 41371.342000 0.00666799
25 23701.177000 0.0048214
29 27612.533000 0.00387631
65 61614.418000 0.00572246
70 66259.707000 0.00619932
21 19964.024000 0.00280479
23 21895.045000 0.00343507
19 18038.177000 0.00539405
58 55024.095000 0.00269484
45 42588.605000 0.00478071
17 16182.209000 0.00612102
35 33221.108000 0.00399005
88 82794.473000 0.00377861
17 16183.828000 0.00441828
44 41863.941000 0.00575195
75 70852.164000 0.00255106
95 89574.021000 0.00643148
26 105612.516000 0.00270541
56 50516.413000 0.00335904
58 50624.829000 0.00774067
63 55807.948000 0.00692963
83 70418.480000 0.00701548
39 34041.184000 0.0039789
81 70526.896000 0.00549373
25 22742.638000 0.00812595
95 81965.199000 0.00257671
61 52543.574000 0.00945687
49 42201.344000 0.00785278
82 70455.665000 0.00423774
17 14689.249000 0.00654214
44 38505.329000 0.0066344
32 27687.326000 0.00389846
61 52656.294000 0.00923794
72 62023.442000 0.00446802
31 26799.100000 0.0035663
80 68952.402000 0.00423936
49 42422.668000 0.00614019
26 22470.934000 0.00194488
95 80760.354000 0.00279802
191 181014.114000 0.0043095
94 81213.950000 0.00216776
35 29712.135000 0.00419447
34 29766.023000 0.00786216
22 18843.907000 0.00597723
39 33700.624000 0.00527564
22 19028.850000 0.0046334
23 19904.434000 0.00889794
6 5244.998000 0.00206887
30 25850.059000 0.00409408
51 43509.654000 0.00271257
61 52589.344000 0.00679557
1 926.415000 0.00410243
88 75816.746000 0.00644387
45 38784.079000 0.0052948
85 73280.653000 0.00639755
45 38824.437000 0.0072982
48 41748.814000 0.00324648
21 18133.435000 0.00945586
90 76642.717000 0.0023553
35 30223.199000 0.00682268
37 31993.357000 0.00168144
96 81407.559000 0.00528289
74 63903.398000 0.00233144
27 23302.994000 0.00855488
100 86150.495000 0.00457553
98 83230.486000 0.00362587
77 66460.929000 0.00594103
66 56936.873000 0.00532267
3 2640.563000 0.00701637
32 27641.457000 0.00419988
56 48433.055000 0.00575293
14 12212.821000 0.00380613
63 54431.862000 0.00414044
70 60717.296000 0.00381268
38 32872.835000 0.00455293
28 24167.420000 0.00295963
94 81399.712000 0.00400263
76 65748.258000 0.00543409
91 78502.311000 0.00274429
13 11347.597000 0.00726764
96 82558.307000 0.00658078
68 58862.096000 0.0050471
96 83166.218000 0.00680722
73 63466.103000 0.00752197
96 83115.614000 0.00634031
23 20074.103000 0.00444443
38 32499.009000 0.00179685
12 10445.583000 0.00550774
5 4441.239000 0.00620896
16 13800.025000 0.00683144
4 3573.721000 0.0062932
96 83241.712000 0.00468517
13 11312.212000 0.00720655
76 65462.138000 0.00499665
67 58037.910000 0.00366422
28 23850.163000 0.006683
74 64377.392000 0.00324412
58 50421.910000 0.00643599
78 67715.554000 0.0053553
47 40676.587000 0.00366569
38 32802.016000 0.00542929
84 72845.351000 0.004925
33 28614.384000 0.0038244
66 57444.559000 0.00834587
9 7843.172000 0.00304155
7 6149.694000 0.0059217
91 78768.551000 0.00675073
1 941.192000 0.00480072
3 2668.032000 0.005415
42 36527.799000 0.00730414
43 37476.347000 0.00516706
50 43353.444000 0.00783261
24 20992.381000 0.00444694
30 25883.195000 0.00558578
13 11318.169000 0.00560075
17 14734.883000 0.00657517
44 38001.099000 0.00666538
84 72520.356000 0.00586636
63 54515.425000 0.00496162
91 78474.682000 0.00290702
64 55625.699000 0.0024007
