1 22407.667000 0.000860929
6 96955.165000 0.000884919
9 144757.162000 0.000759857
36 600022.724000 0.000161037
3 50492.098000 0.000596286
3 50276.697000 0.000285693
1 17407.355000 0.000163966
3 50103.471000 7.34376e-05
6 100292.233000 0.000908549
4 67017.285000 0.00073958
4 67120.874000 0.000446219
2 33680.083000 0.000657295
15 250493.419000 0.000626575
4 67032.016000 0.000493378
18 301603.447000 0.000462187
7 117025.881000 0.000251789
9 149950.880000 0.000360621
4 66636.894000 0.000141113
6 100819.641000 0.000819937
7 117035.038000 6.50395e-05
1 16826.546000 0.000224885
15 255748.109000 0.00012834
1 16995.084000 9.45164e-05
4 67380.372000 0.000695489
7 117956.547000 5.91583e-05
1 16995.061000 0.000356285
2 33503.476000 0.000183833
5 84158.904000 0.00010121
10 167122.273000 0.000685741
3 50540.624000 0.000652999
2 33503.065000 0.000151595
8 133751.858000 0.000145539
13 218091.380000 0.000922289
3 50451.837000 9.66073e-05
13 217288.493000 0.000279354
13 216839.034000 0.000344764
10 166994.199000 0.000642621
17 284669.188000 0.000890659
4 66745.004000 9.56177e-05
3 50172.704000 0.000219339
6 100344.209000 6.4413e-05
2 33615.113000 0.000425914
11 184845.910000 0.000113491
1 19367.854000 0.00027882
3 50144.854000 0.00065522
2 33374.707000 3.33565e-05
2 33690.793000 0.0002721
2 33727.270000 0.000765468
1 17278.560000 0.000958329
6 100460.246000 0.000431235
1 17074.414000 0.000387508
10 167796.481000 7.85249e-05
1 17193.006000 7.51473e-05
17 284076.231000 0.000468004
11 183816.798000 0.000109533
2 33354.286000 0.000734506
3 50545.261000 0.000534446
30 503514.549000 0.000245296
8 135940.423000 0.000142324
8 133594.736000 0.000606696
3 50386.936000 0.000933877
7 117193.201000 0.000659649
1 16865.093000 0.000571936
27 454638.156000 0.000759541
10 167034.822000 0.000295763
2 33701.113000 0.000398617
2 33828.950000 0.000923614
1 17302.763000 0.000200674
3 50263.571000 0.000442731
2 33666.931000 0.000325023
12 200400.816000 0.00031487
1 17195.406000 6.22262e-05
8 133593.389000 0.000709989
1 17175.085000 0.00016715
2 33549.427000 0.000258518
17 285512.695000 7.15071e-05
5 83473.915000 0.000336078
6 100302.224000 0.000698252
1 17163.673000 0.000667735
8 133757.079000 0.00096727
12 200413.119000 0.000205654
5 83583.581000 1.11932e-05
4 67126.085000 0.000698558
3 50284.975000 0.000131885
5 83960.218000 0.000552387
1 16902.384000 7.91049e-05
3 50082.983000 0.000434835
16 267127.344000 0.000698859
3 51071.327000 0.000313038
2 33619.622000 0.000309816
5 84495.641000 0.000353576
5 83807.849000 0.00033013
17 284624.812000 0.0003455
3 50381.935000 0.000273522
3 50197.319000 0.000621173
4 66920.905000 0.000471846
8 133799.479000 0.000391509
1 17163.528000 0.000383805
8 133718.174000 0.000687594
14 234344.537000 0.000327089
17 285448.783000 8.58057e-05
2 33534.222000 0.000523483
3 50592.338000 0.000457027
11 184033.558000 0.000637502
10 167363.813000 0.00023807
3 50446.314000 0.000569096
5 83622.822000 0.00047016
5 83761.435000 0.000300295
3 50420.270000 0.000585054
2 33643.150000 7.30312e-05
4 68929.302000 0.000509823
1 17273.175000 0.00067802
6 100955.819000 0.000597263
1 17229.349000 0.000658281
9 150252.947000 0.000384171
1 16975.874000 0.00095984
3 50301.955000 0.000648805
2 33493.712000 0.000551354
1 17272.698000 0.000338308
6 100494.583000 0.000702973
1 17183.029000 0.00086791
1 16958.567000 6.43055e-05
9 150687.358000 0.000831543
4 66662.513000 5.65444e-05
3 50463.951000 0.000561185
21 352043.855000 0.00093487
1 16982.037000 0.000232194
4 67143.536000 0.000576728
3 50419.741000 0.000342345
4 67050.340000 0.000453132
4 67105.147000 0.000252389
1 17094.939000 0.000995518
3 50143.202000 0.0001018
6 100327.367000 0.000774524
4 67095.061000 0.000350695
7 117683.275000 0.000125086
1 16908.333000 0.000878049
16 267353.338000 0.000655
3 50438.904000 0.000381925
2 33525.102000 0.000284179
4 67264.433000 0.000707821
1 17139.254000 8.29969e-05
4 66877.836000 0.000250157
3 50792.454000 0.00036816
12 200509.001000 0.00051824
9 151021.046000 0.000868772
10 167714.529000 0.00013786
1 17179.497000 0.000431011
3 51616.572000 0.000172909
1 16940.912000 0.000508062
1 16976.265000 0.000305761
1 16971.913000 8.5055e-06
2 33709.939000 0.00035163
8 134124.147000 0.000921981
1 17231.818000 0.000276247
1 16805.038000 0.000552041
5 83716.438000 8.34742e-05
2 33603.652000 8.11275e-05
3 50583.582000 0.000635548
15 251648.013000 0.000208745
3 50334.921000 0.000270086
2 33579.838000 3.78231e-05
6 100746.906000 7.31256e-05
14 234536.649000 0.000128604
16 267475.647000 0.000503989
17 287123.352000 0.000135369
7 117200.702000 6.75322e-05
2 33574.445000 0.00041586
5 83757.497000 0.000494625
5 83757.443000 0.000648641
7 116109.352000 0.00012989
7 116820.800000 0.000409735
53 888211.703000 3.1643e-05
2 33540.213000 0.000755625
2 34012.040000 0.000797858
6 100647.853000 0.0007414
8 134233.748000 0.000294383
4 67333.554000 0.000134548
8 134917.404000 2.38289e-05
9 151009.531000 0.000686157
3 50371.847000 0.000464263
7 117344.557000 0.000836173
1 16932.785000 0.000202759
1 16995.350000 8.96965e-05
2 33675.635000 0.000442128
1 17207.024000 0.000111908
6 101036.680000 0.000354147
14 234460.317000 0.000572826
4 67469.908000 0.000509995
1 17239.020000 0.000554515
4 67471.182000 9.64761e-05
7 117392.842000 0.00036938
1 16920.761000 0.000271642
1 16998.743000 0.000963052
1 17008.920000 0.000797398
4 66942.408000 0.000427015
4 67409.233000 0.000798211
2 33791.029000 0.000384379
7 117526.851000 0.000269886
9 150516.507000 0.000316495
13 217493.835000 0.000709046
3 50807.925000 0.000705868
7 117121.519000 0.000389986
9 150981.753000 0.000451493
6 100434.326000 7.64929e-05
2 33801.926000 0.000399882
2 33861.334000 0.000713041
4 67428.369000 0.000705309
21 351515.481000 0.00077783
2 34157.169000 0.000384846
4 68381.983000 0.000560814
4 67237.813000 0.000531718
6 101055.395000 0.00017798
2 33697.792000 0.000527242
7 117500.309000 0.000295766
8 133886.718000 0.000707431
7 117369.987000 7.35429e-05
9 150350.861000 0.000583185
6 100425.909000 0.000204679
6 101552.857000 0.000581171
14 234475.644000 0.000786511
2 33675.288000 0.000792021
6 100785.830000 0.000362327
6 100771.814000 0.000836831
9 151132.029000 6.14552e-05
5 83920.130000 0.000118537
14 235181.443000 7.63969e-05
14 234833.406000 0.000142096
14 234949.582000 2.6285e-05
1 17219.897000 4.02342e-06
4 67491.880000 2.85292e-05
7 117652.285000 0.000786925
9 152323.958000 2.91727e-05
3 50448.582000 4.95459e-05
5 84587.786000 9.2893e-05
1 16955.551000 0.00052478
6 100601.301000 0.000684007
2 33855.141000 0.000213637
9 151028.513000 0.000842704
1 16950.993000 0.000406889
7 117071.365000 0.000345269
1 16918.901000 0.000196397
5 83811.404000 0.000119794
22 368120.629000 0.00048079
12 201233.171000 0.000977195
8 134343.950000 0.000320796
2 33827.686000 0.000313886
10 167693.096000 0.000657949
5 83910.197000 7.5445e-05
6 101299.570000 0.000292946
21 353287.083000 0.000522736
3 50433.593000 0.000199625
1 16910.574000 0.000484685
3 50509.750000 0.000870349
7 117363.601000 0.000133282
3 50295.214000 0.000311829
1 17065.019000 0.000352984
8 133976.492000 0.000712166
13 217552.877000 0.000548506
15 251638.754000 0.00081009
5 83977.608000 0.000143944
4 66949.714000 0.000948748
1 17214.502000 0.000197329
3 50364.490000 0.000524815
18 300662.663000 0.000943173
2 34174.404000 0.000699367
8 134222.086000 4.24204e-05
17 285789.230000 0.000973755
3 50352.535000 0.000675783
1 16906.759000 0.00045848
5 83906.050000 0.000562379
6 100590.799000 0.000657361
2 33758.750000 0.000112616
1 17311.550000 0.000851527
2 33510.587000 0.000716268
1 17289.209000 0.000848605
5 84367.801000 0.000255511
6 100773.440000 0.000324822
1 17206.014000 0.000765667
14 234996.609000 0.000227946
4 67446.031000 0.000156349
21 352269.315000 0.00058795
3 50227.356000 0.000950228
1 17033.633000 6.06136e-05
7 117334.697000 0.000186343
1 16914.646000 0.00079445
9 150670.243000 0.000789425
4 67449.757000 0.000319055
1 17775.466000 0.000315237
19 318446.143000 8.5244e-05
3 50222.831000 8.89126e-05
3 50392.541000 0.000538889
6 100598.708000 0.000248506
3 50582.808000 0.000521523
24 401750.977000 0.00040475
1 17401.582000 0.000743938
8 134133.750000 0.000926401
5 84011.260000 0.00094934
6 100645.256000 0.000671891
3 51460.165000 0.000740187
1 17060.965000 0.00053251
5 83762.720000 0.0001116
4 66987.092000 0.000243068
11 184520.320000 0.00023233
1 16817.316000 5.70239e-05
3 50283.299000 0.000242418
2 33779.376000 0.000298697
10 168551.147000 0.000601599
6 100997.347000 0.000975604
22 368317.310000 0.000949612
12 201061.935000 0.000225321
21 352731.682000 0.000506495
2 33637.759000 0.000969183
2 33811.078000 0.000188645
10 167910.282000 0.000389194
15 251353.340000 0.000563192
2 33604.019000 0.000799152
1 17217.255000 0.000784622
6 100480.348000 0.000768493
2 33773.911000 0.000271189
3 50623.969000 0.000323775
1 16993.058000 0.000302539
3 50518.339000 0.000518206
1 16981.599000 7.63349e-05
3 50217.933000 0.000281796
5 83810.642000 0.000151956
5 83708.793000 0.000966589
8 134290.593000 0.000992473
6 100880.368000 0.000848486
6 100879.004000 0.000811716
26 437047.816000 1.74735e-05
2 33802.031000 0.000614535
5 84284.571000 0.000282414
6 100583.453000 0.000529452
6 100797.560000 1.81444e-05
7 117608.543000 0.000586077
15 251059.601000 0.000432762
2 33566.664000 0.000257282
1 17224.736000 0.00020988
1 17067.876000 0.000550204
15 254079.890000 0.000710569
1 17052.984000 0.000411412
10 167410.649000 0.000813707
8 134123.107000 0.000480998
1 17153.664000 0.000744663
5 83875.871000 0.00017906
2 33529.515000 0.000437308
18 302123.108000 0.000440942
10 167783.745000 0.000634245
1 17208.671000 0.000872649
1 17030.125000 0.000791282
2 33774.211000 0.00064616
6 101009.447000 0.000112038
2 33978.565000 0.000136567
16 268489.965000 0.000532104
11 184525.980000 0.000724397
8 134761.948000 0.000600943
1 17233.649000 0.000724399
4 67115.736000 0.000270063
7 117920.962000 0.00086725
18 301306.392000 0.000585969
4 67493.006000 0.000123351
4 67207.434000 0.000328791
2 33796.787000 0.000273837
3 50459.759000 0.000295331
5 83731.389000 0.000189482
5 85762.138000 0.000518014
2 33757.234000 5.63631e-05
2 33877.714000 0.000534546
1 17143.364000 0.000137252
10 167375.604000 0.000460143
2 33822.034000 0.000849251
1 17294.582000 0.000195366
3 50376.246000 0.000279248
2 33600.200000 0.000541191
10 168049.495000 0.000112703
1 17137.374000 2.30781e-05
7 117467.572000 0.000745591
5 83770.292000 0.000205285
4 67097.661000 0.000467626
7 118286.862000 0.000643194
1 16972.394000 0.00026067
8 134202.699000 0.00082673
5 84241.390000 0.000227281
5 83951.253000 5.3469e-05
4 67219.497000 2.48463e-05
6 100650.514000 0.000584945
7 117699.936000 0.000237394
18 302154.143000 0.000929363
2 33977.332000 0.000301343
3 50903.616000 0.000286891
8 134407.864000 0.000171011
3 50764.500000 0.000185452
7 117713.475000 1.02484e-05
3 50420.895000 0.000676948
5 84143.001000 0.000127788
8 134235.155000 0.000460661
5 84207.989000 0.000284148
3 50538.805000 0.000481534
1 16937.787000 7.78634e-05
6 101127.664000 0.00020028
5 84002.845000 0.000109223
1 17047.563000 3.78697e-05
15 251551.400000 0.000262664
4 67308.877000 0.000399531
3 50672.766000 0.000516974
1 16956.182000 0.000121028
11 184349.131000 0.000976385
6 100901.044000 0.000761695
10 168529.349000 0.000439416
3 50591.739000 0.000561959
4 67081.602000 0.000852314
8 134152.243000 0.000786579
2 33901.515000 0.000463042
10 167781.572000 0.000696065
10 167955.861000 0.000304665
1 17332.335000 0.000901735
2 33784.634000 0.000886976
3 50678.941000 9.77948e-05
1 16966.780000 3.21374e-06
3 50633.087000 0.000546082
2 33836.371000 0.000250532
6 101707.924000 0.000790189
1 17145.673000 0.000113426
7 117436.360000 0.000587576
17 285648.338000 0.000844758
10 167431.070000 1.0342e-05
8 134000.421000 5.65791e-05
3 50416.835000 0.000135546
9 151170.760000 0.000852637
2 33557.728000 0.000111402
1 17241.432000 0.000217391
3 50390.044000 0.00038905
1 16976.993000 6.93157e-05
4 67145.210000 0.000410808
2 33842.224000 8.82494e-05
3 50552.669000 0.000447712
2 33735.997000 3.16868e-05
12 201377.815000 0.000259896
7 117404.739000 0.000246855
7 117178.707000 0.000435298
7 117395.985000 0.000855712
12 201133.268000 0.000297269
1 17338.497000 0.000548433
3 50384.112000 0.000168097
6 100642.523000 0.000134723
2 33874.710000 0.000709221
6 100927.625000 0.000279426
1 17258.353000 0.000163418
3 50340.504000 0.000151232
