1 22407.667000 0.000860929
6 96955.165000 0.000884919
9 144757.162000 0.000759857
36 600022.724000 0.000161037
3 50492.098000 0.000596286
3 50276.697000 0.000285693
1 17407.355000 0.000163966
3 50103.471000 7.34376e-05
6 100292.233000 0.000908549
4 67017.285000 0.00073958
4 67120.874000 0.000446219
2 33680.083000 0.000657295
15 250493.419000 0.000626575
4 67032.016000 0.000493378
18 301603.447000 0.000462187
7 117025.881000 0.000251789
9 149950.880000 0.000360621
4 66636.894000 0.000141113
6 100819.641000 0.000819937
7 117035.038000 6.50395e-05
1 16826.546000 0.000224885
15 255748.109000 0.00012834
1 16995.084000 9.45164e-05
4 67380.372000 0.000695489
7 117956.547000 5.91583e-05
1 16995.061000 0.000356285
2 33503.476000 0.000183833
5 84158.904000 0.00010121
10 167122.273000 0.000685741
3 50540.624000 0.000652999
2 33503.065000 0.000151595
8 133751.858000 0.000145539
13 218091.380000 0.000922289
3 50451.837000 9.66073e-05
13 217288.493000 0.000279354
13 216839.034000 0.000344764
10 166994.199000 0.000642621
17 284669.188000 0.000890659
4 66745.004000 9.56177e-05
3 50172.704000 0.000219339
6 100344.209000 6.4413e-05
2 33615.113000 0.000425914
11 184845.910000 0.000113491
1 19367.854000 0.00027882
3 50144.854000 0.00065522
2 33374.707000 3.33565e-05
2 33690.793000 0.0002721
2 33727.270000 0.000765468
1 17278.560000 0.000958329
6 100460.246000 0.000431235
1 17074.414000 0.000387508
10 167796.481000 7.85249e-05
1 17193.006000 7.51473e-05
17 284076.231000 0.000468004
11 183816.798000 0.000109533
2 33354.286000 0.000734506
3 50545.261000 0.000534446
30 503514.549000 0.000245296
8 135940.423000 0.000142324
8 133594.736000 0.000606696
3 50386.936000 0.000933877
7 117193.201000 0.000659649
1 16865.093000 0.000571936
27 454638.156000 0.000759541
10 167034.822000 0.000295763
2 33701.113000 0.000398617
2 33828.950000 0.000923614
1 17302.763000 0.000200674
3 50263.571000 0.000442731
2 33666.931000 0.000325023
12 200400.816000 0.00031487
1 17195.406000 6.22262e-05
8 133593.389000 0.000709989
1 17175.085000 0.00016715
2 33549.427000 0.000258518
17 285512.695000 7.15071e-05
5 83473.915000 0.000336078
6 100302.224000 0.000698252
1 17163.673000 0.000667735
8 133757.079000 0.00096727
12 200413.119000 0.000205654
5 83583.581000 1.11932e-05
4 67126.085000 0.000698558
3 50284.975000 0.000131885
5 83960.218000 0.000552387
1 16902.384000 7.91049e-05
3 50082.983000 0.000434835
16 267127.344000 0.000698859
3 51071.327000 0.000313038
2 33619.622000 0.000309816
5 84495.641000 0.000353576
5 83807.849000 0.00033013
17 284624.812000 0.0003455
3 50381.935000 0.000273522
3 50197.319000 0.000621173
4 66920.905000 0.000471846
8 133799.479000 0.000391509
1 17163.528000 0.000383805
8 133718.174000 0.000687594
14 234344.537000 0.000327089
17 285448.783000 8.58057e-05
2 33534.222000 0.000523483
3 50592.338000 0.000457027
11 184033.558000 0.000637502
10 167363.813000 0.00023807
3 50446.314000 0.000569096
5 83622.822000 0.00047016
5 83761.435000 0.000300295
3 50420.270000 0.000585054
2 33643.150000 7.30312e-05
4 68929.302000 0.000509823
1 17273.175000 0.00067802
6 100955.819000 0.000597263
1 17229.349000 0.000658281
9 150252.947000 0.000384171
1 16975.874000 0.00095984
3 50301.955000 0.000648805
2 33493.712000 0.000551354
1 17272.698000 0.000338308
6 100494.583000 0.000702973
1 17183.029000 0.00086791
1 16958.567000 6.43055e-05
9 150687.358000 0.000831543
4 66662.513000 5.65444e-05
3 50463.951000 0.000561185
21 352043.855000 0.00093487
1 16982.037000 0.000232194
4 67143.536000 0.000576728
3 50419.741000 0.000342345
4 67050.340000 0.000453132
4 67105.147000 0.000252389
1 17094.939000 0.000995518
3 50143.202000 0.0001018
6 100327.367000 0.000774524
4 67095.061000 0.000350695
7 117683.275000 0.000125086
1 16908.333000 0.000878049
16 267353.338000 0.000655
3 50438.904000 0.000381925
2 33525.102000 0.000284179
4 67264.433000 0.000707821
1 17139.254000 8.29969e-05
4 66877.836000 0.000250157
3 50792.454000 0.00036816
12 200509.001000 0.00051824
9 151021.046000 0.000868772
10 167714.529000 0.00013786
1 17179.497000 0.000431011
3 51616.572000 0.000172909
1 16940.912000 0.000508062
1 16976.265000 0.000305761
1 16971.913000 8.5055e-06
2 33709.939000 0.00035163
8 134124.147000 0.000921981
1 17231.818000 0.000276247
1 16805.038000 0.000552041
5 83716.438000 8.34742e-05
2 33603.652000 8.11275e-05
3 50583.582000 0.000635548
15 251648.013000 0.000208745
3 50334.921000 0.000270086
2 33579.838000 3.78231e-05
6 100746.906000 7.31256e-05
14 234536.649000 0.000128604
16 267475.647000 0.000503989
17 287123.352000 0.000135369
7 117200.702000 6.75322e-05
2 33574.445000 0.00041586
5 83757.497000 0.000494625
5 83757.443000 0.000648641
7 116109.352000 0.00012989
7 116820.800000 0.000409735
53 888211.703000 3.1643e-05
2 33540.213000 0.000755625
2 34012.040000 0.000797858
6 100647.853000 0.0007414
8 134233.748000 0.000294383
4 67333.554000 0.000134548
8 134917.404000 2.38289e-05
9 151009.531000 0.000686157
3 50371.847000 0.000464263
7 117344.557000 0.000836173
1 16932.785000 0.000202759
1 16995.350000 8.96965e-05
2 33675.635000 0.000442128
1 17207.024000 0.000111908
6 101036.680000 0.000354147
14 234460.317000 0.000572826
4 67469.908000 0.000509995
1 17239.020000 0.000554515
4 67471.182000 9.64761e-05
7 117392.842000 0.00036938
1 16920.761000 0.000271642
1 16998.743000 0.000963052
1 17008.920000 0.000797398
4 66942.408000 0.000427015
4 67409.233000 0.000798211
2 33791.029000 0.000384379
7 117526.851000 0.000269886
9 150516.507000 0.000316495
13 217493.835000 0.000709046
3 50807.925000 0.000705868
7 117121.519000 0.000389986
9 150981.753000 0.000451493
6 100434.326000 7.64929e-05
2 33801.926000 0.000399882
2 33861.334000 0.000713041
4 67428.369000 0.000705309
21 351515.481000 0.00077783
2 34157.169000 0.000384846
4 68381.983000 0.000560814
4 67237.813000 0.000531718
6 101055.395000 0.00017798
2 33697.792000 0.000527242
7 117500.309000 0.000295766
8 133886.718000 0.000707431
7 117369.987000 7.35429e-05
9 150350.861000 0.000583185
6 100425.909000 0.000204679
6 101552.857000 0.000581171
14 234475.644000 0.000786511
2 33675.288000 0.000792021
6 100785.830000 0.000362327
6 100771.814000 0.000836831
9 151132.029000 6.14552e-05
5 83920.130000 0.000118537
14 235181.443000 7.63969e-05
14 234833.406000 0.000142096
14 234949.582000 2.6285e-05
1 17219.897000 4.02342e-06
4 67491.880000 2.85292e-05
7 117652.285000 0.000786925
9 152323.958000 2.91727e-05
3 50448.582000 4.95459e-05
5 84587.786000 9.2893e-05
1 16955.551000 0.00052478
6 100601.301000 0.000684007
2 33855.141000 0.000213637
9 151028.513000 0.000842704
1 16950.993000 0.000406889
7 117071.365000 0.000345269
1 16918.901000 0.000196397
5 83811.404000 0.000119794
22 368120.629000 0.00048079
12 201233.171000 0.000977195
8 134343.950000 0.000320796
2 33827.686000 0.000313886
10 167693.096000 0.000657949
5 83910.197000 7.5445e-05
6 101299.570000 0.000292946
21 353287.083000 0.000522736
3 50433.593000 0.000199625
1 16910.574000 0.000484685
3 50509.750000 0.000870349
7 117363.601000 0.000133282
3 50295.214000 0.000311829
1 17065.019000 0.000352984
8 133976.492000 0.000712166
13 217552.877000 0.000548506
15 251638.754000 0.00081009
5 83977.608000 0.000143944
4 66949.714000 0.000948748
1 17214.502000 0.000197329
3 50364.490000 0.000524815
18 300662.663000 0.000943173
2 34174.404000 0.000699367
8 134222.086000 4.24204e-05
17 285789.230000 0.000973755
3 50352.535000 0.000675783
1 16906.759000 0.00045848
5 83906.050000 0.000562379
6 100590.799000 0.000657361
2 33758.750000 0.000112616
1 17311.550000 0.000851527
2 33510.587000 0.000716268
1 17289.209000 0.000848605
5 84367.801000 0.000255511
6 100773.440000 0.000324822
1 17206.014000 0.000765667
14 234996.609000 0.000227946
4 67446.031000 0.000156349
21 352269.315000 0.00058795
3 50227.356000 0.000950228
1 17033.633000 6.06136e-05
7 117334.697000 0.000186343
1 16914.646000 0.00079445
9 150670.243000 0.000789425
4 67449.757000 0.000319055
1 17775.466000 0.000315237
19 318446.143000 8.5244e-05
3 50222.831000 8.89126e-05
3 50392.541000 0.000538889
6 100598.708000 0.000248506
3 50582.808000 0.000521523
24 401750.977000 0.00040475
1 17401.582000 0.000743938
8 134133.750000 0.000926401
5 84011.260000 0.00094934
6 100645.256000 0.000671891
3 51460.165000 0.000740187
1 17060.965000 0.00053251
5 83762.720000 0.0001116
4 66987.092000 0.000243068
11 184520.320000 0.00023233
1 16817.316000 5.70239e-05
3 50283.299000 0.000242418
2 33779.376000 0.000298697
10 168551.147000 0.000601599
6 100997.347000 0.000975604
22 368317.310000 0.000949612
12 201061.935000 0.000225321
21 352731.682000 0.000506495
2 33637.759000 0.000969183
2 33811.078000 0.000188645
10 167910.282000 0.000389194
15 251353.340000 0.000563192
2 33604.019000 0.000799152
1 17217.255000 0.000784622
6 100480.348000 0.000768493
2 33773.911000 0.000271189
3 50623.969000 0.000323775
1 16993.058000 0.000302539
3 50518.339000 0.000518206
1 16981.599000 7.63349e-05
3 50217.933000 0.000281796
5 83810.642000 0.000151956
5 83708.793000 0.000966589
8 134290.593000 0.000992473
6 100880.368000 0.000848486
6 100879.004000 0.000811716
26 437047.816000 1.74735e-05
2 33802.031000 0.000614535
5 84284.571000 0.000282414
6 100583.453000 0.000529452
6 100797.560000 1.81444e-05
7 117608.543000 0.000586077
15 251059.601000 0.000432762
2 33566.664000 0.000257282
1 17224.736000 0.00020988
1 17067.876000 0.000550204
15 254079.890000 0.000710569
1 17052.984000 0.000411412
10 167410.649000 0.000813707
8 134123.107000 0.000480998
1 17153.664000 0.000744663
5 83875.871000 0.00017906
2 33529.515000 0.000437308
18 302123.108000 0.000440942
10 167783.745000 0.000634245
1 17208.671000 0.000872649
1 17030.125000 0.000791282
2 33774.211000 0.00064616
6 101009.447000 0.000112038
2 33978.565000 0.000136567
16 268489.965000 0.000532104
11 184525.980000 0.000724397
8 134761.948000 0.000600943
1 17233.649000 0.000724399
4 67115.736000 0.000270063
7 117920.962000 0.00086725
18 301306.392000 0.000585969
4 67493.006000 0.000123351
4 67207.434000 0.000328791
2 33796.787000 0.000273837
3 50459.759000 0.000295331
5 83731.389000 0.000189482
5 85762.138000 0.000518014
2 33757.234000 5.63631e-05
2 33877.714000 0.000534546
1 17143.364000 0.000137252
10 167375.604000 0.000460143
2 33822.034000 0.000849251
1 17294.582000 0.000195366
3 50376.246000 0.000279248
2 33600.200000 0.000541191
10 168049.495000 0.000112703
1 17137.374000 2.30781e-05
7 117467.572000 0.000745591
5 83770.292000 0.000205285
4 67097.661000 0.000467626
7 118286.862000 0.000643194
1 16972.394000 0.00026067
8 134202.699000 0.00082673
5 84241.390000 0.000227281
5 83951.253000 5.3469e-05
4 67219.497000 2.48463e-05
6 100650.514000 0.000584945
7 117699.936000 0.000237394
18 302154.143000 0.000929363
2 33977.332000 0.000301343
3 50903.616000 0.000286891
8 134407.864000 0.000171011
3 50764.500000 0.000185452
7 117713.475000 1.02484e-05
3 50420.895000 0.000676948
5 84143.001000 0.000127788
8 134235.155000 0.000460661
5 84207.989000 0.000284148
3 50538.805000 0.000481534
1 16937.787000 7.78634e-05
6 101127.664000 0.00020028
5 84002.845000 0.000109223
1 17047.563000 3.78697e-05
15 251551.400000 0.000262664
4 67308.877000 0.000399531
3 50672.766000 0.000516974
1 16956.182000 0.000121028
11 184349.131000 0.000976385
6 100901.044000 0.000761695
10 168529.349000 0.000439416
3 50591.739000 0.000561959
4 67081.602000 0.000852314
8 134152.243000 0.000786579
2 33901.515000 0.000463042
10 167781.572000 0.000696065
10 167955.861000 0.000304665
1 17332.335000 0.000901735
2 33784.634000 0.000886976
3 50678.941000 9.77948e-05
1 16966.780000 3.21374e-06
3 50633.087000 0.000546082
2 33836.371000 0.000250532
6 101707.924000 0.000790189
1 17145.673000 0.000113426
7 117436.360000 0.000587576
17 285648.338000 0.000844758
10 167431.070000 1.0342e-05
8 134000.421000 5.65791e-05
3 50416.835000 0.000135546
9 151170.760000 0.000852637
2 33557.728000 0.000111402
1 17241.432000 0.000217391
3 50390.044000 0.00038905
1 16976.993000 6.93157e-05
4 67145.210000 0.000410808
2 33842.224000 8.82494e-05
3 50552.669000 0.000447712
2 33735.997000 3.16868e-05
12 201377.815000 0.000259896
7 117404.739000 0.000246855
7 117178.707000 0.000435298
7 117395.985000 0.000855712
12 201133.268000 0.000297269
1 17338.497000 0.000548433
3 50384.112000 0.000168097
6 100642.523000 0.000134723
2 33874.710000 0.000709221
6 100927.625000 0.000279426
1 17258.353000 0.000163418
3 50340.504000 0.000151232
3 49687.001000 0.000103051
8 114401.908000 0.000678345
3 43321.644000 6.02955e-06
2 28867.760000 0.000750349
4 57654.193000 0.000539506
2 29109.638000 0.000955263
6 85840.824000 0.000447481
2 29379.376000 0.000186599
9 128793.937000 0.000346484
4 57365.667000 7.32761e-05
2 29306.898000 0.000404035
4 58275.962000 0.000903171
2 29435.639000 0.000728113
18 257182.692000 0.000361845
12 170998.470000 0.000630698
6 85906.683000 0.000200613
1 14955.959000 0.000389592
9 128210.563000 0.000278335
12 170924.216000 0.000199124
5 71821.220000 0.000997959
10 142517.124000 0.000115734
12 171065.980000 5.10334e-05
4 57545.978000 0.000640276
1 14998.652000 8.61724e-05
7 99794.124000 0.000377921
4 57338.205000 0.00097172
1 14943.071000 0.000893634
7 99805.269000 0.000712352
15 213280.047000 0.000238455
2 29028.535000 0.000884023
7 100491.343000 0.000634564
2 28930.221000 0.000137275
5 71709.280000 0.000224513
2 28962.222000 0.000784891
2 29216.252000 0.000345056
5 72773.056000 0.000885939
2 28994.880000 0.000614243
3 43345.472000 0.000187827
9 128357.918000 6.07564e-05
5 71532.117000 0.000840337
1 14729.750000 0.000621436
3 43112.975000 0.000472159
23 327407.834000 0.000430418
2 30015.998000 0.000360192
1 16103.987000 0.000872957
21 313796.904000 0.000227398
4 60528.301000 0.000226857
10 149123.025000 4.01857e-05
19 281933.587000 0.000928985
12 178482.230000 0.000608461
3 45730.705000 0.000950808
8 118951.583000 0.000353114
3 45374.123000 0.000863645
12 178521.846000 0.000669182
1 15876.167000 0.000592303
17 252751.900000 0.000764127
2 30279.339000 0.000366775
15 223625.704000 0.000261487
4 59888.736000 0.000183227
8 119816.268000 0.000202186
12 178528.716000 0.000518323
1 15966.620000 0.000198695
3 44941.494000 0.000873106
1 15686.994000 0.000248017
11 162725.719000 0.000331342
13 191991.449000 0.000878603
1 15797.039000 0.000262037
8 119356.281000 0.00050197
13 192823.721000 0.000594694
1 15645.261000 0.000159276
2 30452.581000 0.000547744
1 15843.664000 0.00066565
4 59845.605000 0.000327135
3 45201.476000 0.000664832
4 59930.541000 0.000978621
3 45081.133000 0.000835758
7 104186.691000 0.000322164
1 15817.318000 0.000678476
13 193452.915000 0.000831725
2 30609.713000 0.000520727
4 60772.511000 0.000614048
1 16003.310000 9.43575e-05
4 60566.836000 0.000128934
1 16421.082000 0.000373615
5 75284.087000 0.000521214
3 45387.218000 0.000557437
7 105284.540000 0.000939291
3 45164.456000 0.000983124
1 15744.693000 0.000399983
2 30364.668000 0.00039238
7 104355.830000 5.57406e-05
7 104073.312000 0.000628056
4 59827.321000 0.000718593
4 60640.444000 7.14192e-05
1 16314.226000 0.000148118
3 46325.872000 0.000518055
1 16018.651000 0.00047333
12 183575.396000 0.000241349
3 46639.822000 0.00098697
5 76492.672000 0.000438001
9 137112.753000 0.000101551
1 15879.068000 6.11249e-05
14 213507.977000 0.000313202
3 46920.178000 0.000653976
13 197565.345000 0.000693179
1 15800.501000 0.000761132
1 15602.317000 0.00055598
4 59774.456000 0.000651071
8 119238.077000 0.000621876
1 15771.136000 0.000981817
8 118337.210000 0.000489112
5 74683.558000 0.000932349
3 44892.661000 8.39855e-05
8 118797.917000 0.000415553
19 280818.479000 0.000225669
3 45228.463000 0.000456508
21 311038.121000 0.000565541
9 133711.180000 0.000662057
1 15688.598000 0.000124499
3 45265.596000 0.000807078
4 59899.124000 0.000788146
10 148460.956000 0.000667365
1 15915.720000 0.000470776
3 45025.299000 2.3338e-05
1 15673.543000 0.000216292
6 89322.823000 0.000821659
7 104359.728000 0.000135381
10 148197.588000 8.46677e-05
4 60040.841000 0.000983617
1 15909.155000 0.000241206
1 15691.246000 0.000786705
2 30291.952000 4.30154e-05
2 31096.473000 0.000708861
9 134414.667000 0.00030641
4 59811.792000 0.000319681
1 15877.756000 0.000132828
22 324567.652000 0.000310629
5 75284.658000 0.000988504
8 119080.578000 6.79794e-05
5 74849.669000 0.000172745
7 104227.951000 0.000406647
1 15640.343000 0.000442994
3 45197.992000 0.000187104
4 59724.982000 0.000274584
3 45247.133000 0.000172419
7 103883.043000 0.000333694
2 30449.970000 0.000266048
1 15916.826000 0.000867097
3 44959.644000 8.06747e-05
16 236472.972000 0.000226059
2 30531.002000 0.000894731
2 30556.261000 6.41897e-05
3 45238.279000 0.000215894
5 74436.861000 0.000218828
6 89192.806000 0.000234205
9 133721.959000 0.000886427
27 399266.339000 0.000173171
1 15652.408000 0.000303194
3 45309.881000 0.000285264
17 251747.391000 0.000471003
2 30430.139000 0.000492712
5 74793.964000 5.08001e-05
2 30358.811000 0.000881216
8 118899.041000 0.000775959
3 45254.916000 0.00041795
7 103775.401000 0.000985615
4 59916.494000 0.00090776
11 162950.634000 0.000377702
5 74695.071000 0.000591454
3 45142.952000 0.000164235
3 44964.454000 0.000512166
1 15698.026000 0.000233881
4 59663.438000 6.85495e-05
2 30621.115000 0.000934305
1 16724.906000 2.92195e-05
3 44860.339000 0.000946168
5 73696.402000 0.000421022
3 44394.542000 0.000217415
2 29970.321000 0.000417085
10 146287.907000 0.000523785
4 58828.214000 0.000551996
2 29857.731000 0.000240505
2 29906.254000 0.000129525
7 101912.037000 9.16558e-05
4 58232.371000 0.000764525
2 29546.072000 0.000637663
9 129974.772000 2.29353e-05
6 85635.202000 0.000725082
3 43424.409000 0.000249433
4 57329.442000 6.18535e-05
4 57437.834000 0.000447457
1 15012.198000 0.000546055
4 57195.341000 0.000603543
2 29210.921000 0.000116209
3 43349.021000 7.18577e-05
2 28876.933000 0.000248747
3 43462.434000 0.00052997
1 14696.534000 0.000833906
30 427218.687000 0.000716856
3 43439.687000 0.000107133
5 71421.721000 5.04741e-05
3 43063.541000 0.00021685
5 71332.097000 0.000369319
8 113953.048000 0.000147725
12 171068.023000 0.000810274
10 142698.057000 0.000630481
1 15027.504000 0.000380074
11 156452.852000 0.000196602
4 57724.438000 7.00782e-05
1 14991.600000 0.000559715
4 57192.459000 0.000426221
2 29196.827000 0.000654877
10 142564.016000 0.000382132
6 85726.576000 0.000367995
1 14965.303000 0.000380563
15 212856.801000 0.000370776
19 271978.695000 0.000331572
2 29014.088000 0.000981582
3 44452.218000 0.0006302
6 86399.048000 0.000100253
1 15107.334000 0.000887312
16 227705.518000 0.000788125
1 14952.293000 0.000582699
1 14801.106000 0.000556947
2 28902.355000 0.000730249
7 100228.283000 0.000116334
2 28920.114000 0.000730223
14 199703.901000 1.29097e-05
1 14990.001000 0.00018759
2 28928.401000 7.74329e-05
2 29291.285000 0.000896576
1 15011.179000 0.000298786
4 57542.947000 0.000464313
14 200568.812000 0.000355041
10 142859.561000 0.000518216
1 15020.235000 0.000389516
6 85788.408000 0.000405567
3 43414.289000 0.000335264
6 85811.136000 0.000449732
15 214550.861000 0.000858375
6 85863.654000 0.000460505
5 71946.855000 2.26533e-05
4 57798.744000 3.17608e-05
6 86279.835000 0.000872364
3 43366.979000 0.000568941
5 71387.138000 0.000166306
5 71455.285000 0.000709777
2 28991.066000 0.000389964
2 29162.835000 0.000791065
3 43329.012000 0.000597543
8 114029.252000 0.000212406
2 29292.842000 0.000822189
6 86104.109000 0.000621734
33 474731.596000 0.000234815
1 14849.812000 0.000272221
11 157648.300000 0.000772107
6 86046.053000 0.000922554
16 229096.953000 0.000641895
1 15051.431000 0.000592844
6 86248.466000 0.000108904
2 29330.328000 0.00029378
21 300321.542000 6.91638e-05
1 14875.103000 0.000669407
3 43338.226000 0.000905208
7 100332.976000 0.00076918
1 14878.011000 0.000372901
1 14817.159000 0.000498999
6 86034.982000 5.17727e-05
3 43503.997000 0.000892001
4 57668.719000 0.000632394
3 43547.256000 0.000234779
5 71847.325000 0.000517946
1 14858.075000 0.000306529
1 14821.168000 0.000184069
2 29094.598000 5.17752e-05
8 115000.385000 0.000384526
2 29348.797000 3.11193e-05
2 29505.490000 0.000655712
2 29347.735000 0.00033318
2 29693.611000 0.000949027
12 171905.019000 0.000486328
2 29356.783000 0.000423682
11 157958.805000 0.000624454
2 29130.850000 0.000674423
3 43700.752000 0.000565235
1 14840.716000 0.000659149
4 57573.896000 0.000141663
5 72120.174000 0.000196655
30 430122.496000 0.000765044
16 228721.490000 0.000768983
9 129162.879000 0.000474103
6 85970.724000 0.000795615
1 15035.534000 0.000469107
2 29069.126000 0.000635544
10 143584.076000 0.000467985
4 57890.328000 0.000888336
10 143571.060000 3.72259e-05
1 15090.237000 3.50907e-05
1 14809.517000 0.000956354
1 15001.904000 0.000362514
11 157390.714000 0.000442118
9 129166.363000 0.00049639
11 157617.721000 0.000623177
5 71868.683000 0.000661967
10 143094.576000 0.00038363
3 43490.576000 0.000492091
15 214433.319000 0.000367734
4 57841.477000 0.000464547
3 43557.527000 0.000218087
6 86151.955000 0.000152694
4 57780.284000 0.000412813
20 285819.496000 0.000382733
2 29263.002000 0.00099564
3 43503.572000 0.000345857
3 43293.632000 0.000959728
4 57587.625000 0.000712908
3 43641.719000 0.000405158
2 29004.627000 0.000176726
4 57793.644000 0.000101597
10 143384.679000 0.000598563
6 86269.075000 0.000267219
5 72008.391000 0.000810766
3 43328.580000 0.000367816
9 128753.838000 0.000764362
1 14820.519000 0.00073299
17 242480.276000 0.000277656
2 29100.525000 6.13402e-05
5 72599.380000 0.000449641
1 14891.442000 0.000211903
7 101284.031000 0.000363127
6 86879.601000 0.000289115
1 15368.627000 0.00044412
8 115190.473000 0.000758311
1 14960.725000 0.000780039
10 143447.397000 0.000287997
1 15116.332000 0.000646742
2 28961.841000 0.000942778
1 14927.322000 0.000961644
6 85793.089000 0.000309669
5 71987.415000 0.000381492
2 28975.643000 0.000466775
10 143210.108000 0.000482701
3 43516.420000 6.04525e-05
7 100370.477000 0.000164722
11 158609.755000 0.000986212
3 43548.865000 0.00034522
2 29289.678000 0.000430412
2 29451.896000 5.06137e-05
3 43793.100000 0.000360613
1 14927.010000 0.000981752
4 57951.909000 0.000205795
1 15131.858000 0.000572396
12 172413.844000 4.50361e-05
5 72474.964000 0.000946967
5 72185.229000 5.42913e-05
1 14935.889000 0.000675692
8 115335.109000 0.000609952
3 43798.071000 0.00067505
1 14939.481000 0.000551098
4 58220.099000 0.00082719
2 29956.425000 0.00039979
2 29707.710000 0.000267329
3 43843.580000 0.000287493
2 29249.647000 0.000642376
2 29488.346000 0.000736155
7 101348.990000 0.0003441
5 72368.588000 0.000381225
1 14904.861000 0.000995563
2 29204.320000 0.000682797
9 129931.114000 0.000265643
9 129706.416000 3.04062e-05
2 29182.511000 0.000858098
14 202121.268000 0.000853564
11 159094.410000 0.00014691
8 114706.730000 4.35235e-05
5 72025.041000 0.000476351
14 200480.629000 0.00048403
6 86094.966000 6.33232e-05
9 128762.042000 0.000794651
4 57729.360000 0.000113681
4 57598.937000 0.000791016
3 43305.800000 0.000207525
15 213210.284000 0.000587506
4 57243.286000 0.000431216
8 114178.890000 0.00050771
4 57571.196000 0.000542083
9 128283.675000 0.000892629
5 71371.808000 0.000562232
5 71453.164000 0.000969232
3 43056.938000 0.000316341
5 71819.608000 0.000940084
1 14774.587000 0.000104862
3 43049.807000 0.000685918
8 115497.205000 5.61418e-05
6 88073.859000 0.000263141
8 115482.183000 0.000204579
4 57603.470000 0.000572304
4 57633.894000 0.000854284
4 57523.213000 0.000514476
6 86661.582000 0.000355347
19 320884.829000 0.00029144
7 101503.204000 0.000117265
1 14712.190000 0.000829702
4 57276.395000 0.000359157
1 14989.746000 0.00078424
2 29489.319000 0.000852213
5 74073.847000 0.000162321
8 119843.139000 0.000802274
4 60380.361000 0.000335576
13 194417.887000 0.000705896
3 45359.421000 0.000622989
3 45291.361000 0.00089786
2 30735.972000 0.000405982
2 30646.551000 0.000523836
5 75166.964000 0.000265958
3 45308.955000 0.000475297
6 89565.657000 0.000142135
4 60962.867000 5.33963e-05
1 15963.724000 5.64386e-05
20 297013.747000 0.000758524
3 45586.434000 0.000475934
10 149720.806000 0.000958422
15 224159.721000 0.000215494
9 133615.644000 0.000104312
12 178839.156000 0.000364534
16 238696.210000 0.000751084
2 30653.774000 0.000397156
4 60555.143000 0.000238495
1 16036.145000 0.00012008
4 60293.137000 0.000905385
2 30886.471000 5.64193e-05
7 105448.620000 5.41783e-05
10 150679.522000 0.000906012
9 132995.108000 0.000739345
18 260631.392000 0.000307522
4 58175.737000 0.000874783
5 71756.120000 0.000192301
5 72521.829000 1.42739e-05
11 157242.651000 0.000608133
3 44428.377000 0.000316446
12 175250.128000 0.000957792
11 159837.874000 4.99715e-05
4 59290.472000 0.000408219
2 29772.386000 0.000393217
2 29244.693000 0.000178588
1 14990.419000 3.47277e-05
2 28858.792000 0.000751434
1 14994.090000 0.000926469
2 28892.320000 7.7807e-05
2 29236.009000 0.000739707
