4 117140.354000 7.65943e-06
4 38240.803000 5.8724e-05
3 30708.026000 6.09816e-05
10 99413.366000 0.000154441
1 10428.665000 8.76676e-05
11 102285.325000 8.97904e-05
4 38986.678000 0.000120484
5 47425.348000 1.7134e-05
2 20093.145000 0.000287018
17 161154.638000 3.54151e-05
3 30731.010000 0.00011543
10 94186.787000 4.30433e-05
13 119450.594000 9.73681e-05
3 28773.801000 6.1178e-05
2 20347.279000 8.13988e-05
6 60524.327000 0.000198282
1 10511.320000 0.000208178
5 50705.446000 4.91812e-05
10 92532.874000 3.49772e-05
3 30993.139000 3.84493e-05
1 10830.774000 3.73352e-05
9 81936.277000 5.05893e-05
20 183915.228000 4.93492e-06
7 69904.668000 0.00011064
3 29819.230000 0.0001258
2 20733.209000 0.000206653
3 31372.143000 0.000102596
2 20702.452000 6.5467e-06
10 101772.828000 3.75046e-06
2 21423.435000 4.76497e-05
5 48859.124000 4.04761e-05
1 10663.062000 0.000169519
6 60949.805000 0.000105664
8 75799.544000 9.92749e-05
1 10492.986000 0.000189757
8 79199.817000 4.13805e-05
2 20611.794000 6.79339e-05
1 13097.965000 0.000271769
18 173955.626000 3.06928e-05
12 114355.012000 0.000185577
1 10517.891000 4.56721e-05
38 358797.361000 0.000221813
1 10714.436000 5.56789e-05
1 11270.333000 2.23248e-05
3 30872.064000 0.000413253
1 10705.616000 2.75656e-05
3 30659.926000 2.97804e-05
15 155054.031000 6.25857e-05
1 11217.061000 6.93143e-05
2 21171.170000 1.36775e-05
1 11049.051000 9.36291e-05
14 117281.140000 0.000218932
1 14627.040000 0.00012665
11 150693.761000 3.99906e-05
2 27035.136000 0.000149396
10 137868.373000 0.000174367
5 69993.215000 6.02794e-05
6 82620.387000 0.000178451
3 41484.463000 0.000137103
20 269612.186000 6.56145e-05
4 34889.347000 3.65758e-05
2 20359.316000 0.000216166
3 31293.898000 2.70995e-05
7 60280.890000 0.000140969
2 18670.653000 4.80603e-05
1 10591.892000 3.79011e-05
3 31010.218000 0.000135181
5 45357.436000 0.000273184
3 28141.638000 6.79202e-05
5 46904.676000 3.21197e-05
6 55280.736000 5.70992e-05
5 50971.867000 0.000243587
2 21230.681000 0.000324531
2 18100.589000 6.3641e-05
3 31147.055000 2.27543e-05
1 10703.521000 4.93779e-05
1 10752.362000 1.61832e-05
5 41759.877000 9.5135e-05
13 117766.842000 0.00020113
10 89348.234000 0.000181902
3 30630.822000 0.000112113
16 164972.377000 0.000233098
9 91167.494000 0.000117164
25 203941.206000 3.46632e-05
18 156403.847000 5.34197e-05
20 167922.847000 5.57854e-06
4 38787.252000 4.12013e-05
1 11006.448000 0.000219401
1 12946.836000 5.19322e-05
19 162789.731000 6.06932e-05
3 26381.287000 0.00015834
1 10009.809000 5.00345e-05
1 10808.447000 5.20733e-05
1 10780.026000 6.85611e-05
1 11089.101000 0.000137243
4 40942.515000 2.54458e-05
4 40840.371000 0.000201525
5 42523.646000 0.000213566
17 137460.514000 7.826e-05
2 20800.624000 1.36956e-05
4 41442.869000 1.56835e-05
6 56243.141000 6.76842e-05
6 54159.452000 9.69027e-05
7 72005.024000 3.22587e-05
3 26831.478000 1.80893e-05
1 11263.689000 0.000180728
1 11145.424000 3.97522e-05
5 50992.743000 2.73624e-05
1 11168.480000 4.53418e-05
6 49424.274000 0.0001881
1 11460.290000 7.4247e-05
1 9749.664000 4.42981e-05
1 10959.645000 0.000365542
7 65032.141000 1.04848e-05
1 10722.254000 6.63208e-05
2 31211.875000 0.000165351
4 56994.084000 6.63793e-05
6 54565.564000 2.48547e-05
9 89281.920000 3.33066e-05
4 40658.787000 0.000130706
8 74177.069000 6.07006e-05
14 126801.777000 1.71085e-05
6 55123.698000 1.74563e-05
11 100784.879000 9.83945e-06
11 102590.305000 7.05615e-05
1 11132.151000 2.8741e-05
1 10185.933000 2.35893e-05
2 20019.097000 2.96661e-05
6 59638.597000 9.1055e-05
3 30035.569000 9.06089e-05
28 253623.725000 0.000162933
1 13480.943000 0.000228408
9 84876.412000 0.000142692
9 82368.779000 0.000246875
9 82607.411000 5.97382e-05
2 19844.855000 4.58316e-05
3 30910.398000 9.82572e-05
3 30199.729000 5.11792e-05
8 75832.836000 5.81266e-05
4 40763.991000 0.000102803
4 40608.865000 0.000123499
7 66431.721000 0.000209305
4 40136.661000 7.23221e-05
1 10498.539000 5.75997e-05
12 107510.510000 5.79402e-05
13 124771.605000 0.000254021
2 20211.108000 4.60875e-05
1 10381.659000 1.40833e-05
14 128047.237000 7.1088e-06
16 152760.122000 0.000150231
2 20389.861000 0.000262764
2 20520.319000 0.000254128
2 20242.832000 0.000134265
3 29923.565000 7.39558e-05
8 72658.058000 4.97084e-05
5 47531.407000 7.24379e-05
6 59730.229000 3.23561e-05
3 30201.470000 2.97383e-05
3 29411.902000 2.20107e-05
3 28276.232000 0.000133176
2 21074.953000 0.000124775
3 30532.913000 2.80469e-05
1 10287.284000 0.000109366
11 99567.777000 5.91331e-05
7 63987.851000 4.32225e-05
2 18832.408000 0.00013896
3 28073.678000 0.00013167
7 66673.404000 0.00014414
3 28117.578000 0.000346614
2 19328.248000 0.000183577
5 46092.388000 3.88016e-05
2 20597.920000 8.25103e-05
1 9911.394000 9.45307e-05
7 63992.155000 0.000213733
3 30511.729000 0.000116082
14 129400.105000 2.68041e-05
1 10205.068000 4.2876e-05
9 87934.203000 1.5282e-05
2 19711.636000 3.53224e-05
2 20344.760000 6.02413e-05
2 20262.680000 1.69651e-05
6 60459.758000 9.45995e-05
1 10366.014000 0.000200823
12 108460.238000 0.000150599
5 46659.595000 0.00022499
8 72527.711000 7.43067e-05
5 46230.116000 7.72262e-05
2 19825.475000 0.000145122
11 110555.317000 0.000232282
16 146717.295000 7.81184e-05
13 119494.504000 0.000137347
4 37586.093000 0.000183455
3 31434.729000 2.51471e-05
16 161201.373000 9.81748e-05
2 19387.982000 0.000181546
8 79729.358000 3.22116e-05
3 31569.114000 0.000103971
3 30630.965000 0.000238419
6 62101.315000 0.000177421
5 49112.295000 7.08357e-06
2 20941.031000 9.30878e-05
7 70836.107000 0.000105308
1 10406.379000 0.000151042
4 37545.466000 0.000106192
1 10274.856000 0.000276895
1 10285.794000 0.000119628
6 61955.671000 7.50468e-05
5 45679.334000 0.000131814
3 29777.135000 0.000226843
7 62578.936000 7.31053e-05
3 29164.490000 4.48874e-05
1 10102.938000 1.93532e-05
5 49609.558000 0.000140713
19 171054.376000 0.000209588
1 10402.999000 5.43018e-05
6 52528.105000 7.24812e-05
7 67647.725000 0.00022071
4 37483.513000 5.83852e-05
14 122147.912000 6.37246e-05
10 97233.656000 1.40261e-05
4 40058.091000 3.22417e-05
2 19425.824000 5.18101e-05
2 20006.605000 0.000123752
1 10484.335000 3.90313e-06
9 89702.713000 0.000104125
4 40705.575000 0.000141517
4 37292.286000 4.1418e-05
7 69360.304000 1.66223e-05
9 90148.286000 0.000132675
3 30453.708000 7.99252e-05
2 20018.359000 0.000158527
5 50224.440000 0.000110596
1 9998.483000 0.000111899
8 69211.026000 5.81218e-06
10 90841.035000 0.000120503
1 10611.084000 2.531e-05
3 30062.865000 2.88588e-05
3 29709.619000 0.000103606
5 49789.851000 8.39271e-05
3 27207.716000 6.03423e-05
16 148477.011000 0.000123816
9 77793.960000 4.83052e-05
5 50359.197000 0.000198602
2 19381.655000 0.000143054
6 59667.943000 9.90011e-05
2 19874.095000 4.82425e-05
1 10463.588000 0.000281509
6 55641.495000 0.0001877
2 20069.751000 0.000204752
1 9987.106000 4.04987e-05
11 95776.190000 7.05578e-06
12 101951.920000 7.65927e-05
5 50647.053000 0.000128718
4 40885.245000 0.000187416
2 20594.890000 4.60295e-05
1 9568.051000 5.28106e-05
5 45243.779000 0.000129219
2 20981.311000 0.000110666
3 29986.815000 3.24356e-05
9 82127.967000 1.04965e-05
1 9627.921000 0.000158188
7 65217.035000 0.000188047
7 69182.830000 0.000145058
10 101837.199000 7.67443e-05
8 82853.632000 9.49504e-05
1 10881.876000 4.30537e-05
2 20119.542000 2.68726e-05
5 50416.110000 9.94939e-05
16 145412.053000 8.76343e-05
10 100271.588000 4.60586e-05
3 30077.525000 0.000127112
3 30113.067000 2.35578e-05
11 97884.187000 0.000164578
2 20161.749000 6.10598e-05
1 9328.156000 4.36169e-05
1 10549.661000 1.46933e-05
3 31027.326000 8.39202e-06
1 10521.975000 2.93794e-05
3 30112.789000 0.000148353
1 10083.677000 0.000106558
1 9723.624000 4.61772e-05
8 74157.304000 4.36413e-05
13 115702.949000 6.00634e-05
24 214040.526000 7.89636e-05
5 51161.088000 0.000122152
7 63392.377000 5.66383e-05
4 35655.824000 9.27076e-05
1 9044.902000 1.49786e-05
1 9016.905000 4.69005e-05
6 53004.182000 0.000128616
14 122297.010000 8.72328e-05
11 97641.411000 0.000197064
1 9190.998000 7.49676e-05
3 28845.444000 0.000168025
8 73461.124000 4.0236e-05
3 27954.883000 0.000175313
3 29121.202000 7.9323e-05
5 44548.132000 3.68428e-05
2 19365.386000 5.65088e-05
26 226481.938000 7.65641e-05
2 18518.025000 5.50854e-05
18 168245.094000 0.000108527
7 62068.566000 0.000128748
1 9409.186000 0.000274206
4 37090.832000 7.97698e-05
1 9258.813000 0.000173354
2 18495.482000 3.29611e-05
2 18744.174000 0.000153745
1 9690.458000 6.21171e-05
2 19693.059000 7.28191e-05
7 66117.555000 0.000111997
26 222806.402000 8.56216e-05
5 47752.242000 2.82485e-05
1 12260.092000 2.51365e-05
1 10268.337000 7.80601e-05
4 40658.319000 6.58158e-05
6 61160.684000 1.68696e-05
7 72150.223000 0.000149266
5 51618.173000 0.000172028
2 19953.873000 1.03533e-05
11 109463.639000 8.06562e-05
10 93121.470000 4.98921e-05
13 123597.536000 9.38413e-05
2 21050.357000 2.9494e-05
5 45701.389000 3.4034e-05
2 19741.457000 0.000143906
3 30485.151000 2.41803e-05
7 66260.841000 5.85437e-05
7 71506.400000 0.000125728
6 61340.429000 0.000218604
1 10072.254000 1.97401e-05
15 132271.610000 8.04519e-05
1 9981.042000 0.000213722
4 42550.976000 0.000119814
3 30008.042000 8.87443e-05
6 57476.485000 3.4796e-05
1 10069.863000 2.57895e-05
9 92931.077000 5.83056e-05
7 72110.036000 0.000159992
4 42592.450000 1.12896e-05
8 82464.440000 8.35585e-05
4 40481.448000 8.27454e-05
3 30712.272000 9.39656e-06
7 71048.690000 3.11792e-05
15 137712.084000 5.76504e-05
2 19716.263000 0.000181428
11 113151.831000 0.000105728
5 48473.696000 4.1039e-05
1 9576.645000 0.000153354
2 19942.325000 0.000108629
3 30824.248000 7.24313e-05
6 60587.194000 0.000141402
1 10640.940000 6.10232e-05
1 9939.022000 0.000110998
1 11127.751000 7.7294e-05
3 46364.199000 0.000209628
1 15477.745000 8.89744e-05
5 73757.311000 6.96382e-05
7 104549.961000 5.30787e-05
5 64554.598000 0.00015175
2 27871.947000 1.49929e-05
4 54032.002000 5.14843e-05
11 150763.080000 0.000191218
2 27109.592000 7.20664e-05
1 14195.834000 6.77105e-05
12 162036.913000 0.000111713
5 64049.961000 0.000321551
2 23155.177000 0.000307098
6 69453.908000 0.000148119
3 34698.484000 0.000121595
3 32132.189000 0.00010989
5 71514.607000 0.000420271
14 248822.367000 0.00017944
6 87264.176000 0.000118712
9 128521.221000 4.72522e-05
3 44947.616000 7.10644e-05
7 101948.461000 0.000108364
3 44098.527000 0.000183647
17 242909.086000 0.000116533
2 29837.086000 4.62018e-05
5 74208.858000 0.000385522
14 203665.090000 0.000165397
3 43577.502000 0.00012353
15 215931.863000 4.19178e-05
3 32280.315000 0.000147792
11 121117.127000 5.41017e-06
10 112418.358000 0.000155404
1 12476.133000 0.000162238
6 67324.279000 4.51208e-05
1 12278.779000 0.000107706
1 12845.636000 2.92208e-05
5 69249.110000 8.00197e-06
1 15179.801000 0.000170837
14 207530.641000 1.71826e-05
6 71002.507000 5.69792e-05
2 24262.865000 6.25511e-05
3 34881.565000 4.07194e-05
2 22729.400000 0.000179485
1 12384.643000 6.59745e-05
5 58116.747000 0.000123135
8 78076.905000 0.000166796
6 64287.320000 0.000126347
12 129611.510000 2.52917e-05
3 34814.971000 4.13206e-05
1 11817.388000 0.000214819
4 38091.414000 5.25448e-05
4 37142.363000 7.34484e-05
6 57816.987000 4.46496e-05
12 111943.204000 3.67114e-05
1 12467.816000 4.54573e-05
6 73314.513000 0.000150369
1 11475.379000 0.000408431
5 55886.768000 0.000144109
10 109038.987000 0.000111486
8 112313.863000 0.000192963
16 223654.578000 0.000251067
6 87118.145000 5.3618e-05
4 57455.447000 0.000125515
1 15372.405000 0.00011056
5 72149.573000 5.39399e-05
45 507068.458000 0.000151745
1 10849.851000 0.000133776
2 21830.949000 1.61303e-05
8 85402.175000 0.000170886
19 170450.239000 4.19261e-05
13 107107.040000 0.00026495
4 34437.943000 0.000160999
10 99739.851000 0.000218342
3 27250.065000 6.76692e-05
11 96521.802000 7.7117e-05
16 168492.698000 6.9919e-05
3 32122.822000 0.000117784
4 42390.828000 0.000237293
2 21143.610000 0.00028254
1 11460.972000 0.000170466
2 21718.905000 3.70724e-05
9 81530.243000 3.54188e-05
8 70152.751000 0.000356774
2 21988.834000 0.000186008
11 116536.910000 1.54905e-05
17 147692.277000 0.000181969
7 64427.550000 4.04867e-05
6 64079.232000 4.82529e-05
3 32343.785000 0.000152671
2 21595.465000 3.11718e-06
7 61159.734000 4.39692e-05
3 31687.370000 5.55805e-05
9 94011.938000 0.000129971
18 157929.892000 1.962e-05
18 157164.261000 8.71781e-05
2 22048.051000 0.000259109
3 31816.539000 4.89604e-05
9 88455.582000 0.000182363
2 21417.576000 1.29086e-05
5 52755.970000 9.74704e-05
4 37958.504000 0.000301102
8 77537.543000 6.8639e-05
5 54199.947000 8.96099e-05
1 10960.089000 1.21496e-05
10 88571.214000 3.03995e-05
2 22867.442000 1.69736e-05
3 32358.095000 0.000139767
4 37511.058000 0.00040092
3 32598.508000 9.01302e-05
1 11564.635000 8.14582e-05
6 62977.240000 4.24291e-05
4 42210.881000 4.51722e-05
5 52533.275000 3.54356e-05
1 10911.871000 6.03438e-06
3 31453.334000 0.000101999
2 19858.565000 3.83136e-05
14 123028.674000 0.00021102
1 10193.434000 3.56047e-05
1 11483.586000 3.4297e-05
17 148560.478000 8.64818e-05
1 10033.655000 6.3769e-05
4 40124.412000 0.000258454
3 29540.469000 0.000210223
2 19792.214000 0.000107586
2 18615.927000 6.49138e-05
19 162211.994000 0.000154302
2 18576.686000 3.64929e-05
9 77817.519000 4.27503e-05
1 9456.533000 0.000173272
22 189179.676000 4.46102e-05
3 27506.082000 0.000132321
2 20821.773000 2.53489e-05
6 61922.756000 5.97721e-05
1 10793.008000 8.48133e-05
3 30561.514000 9.13716e-05
15 133681.671000 0.000107435
1 10786.933000 0.000205768
5 45264.675000 5.26715e-05
4 40299.290000 3.76674e-05
1 12775.435000 9.40726e-05
1 10337.344000 0.000158764
6 53376.246000 0.000197271
4 40144.792000 8.46179e-05
1 10535.891000 9.46825e-05
5 50909.504000 4.14347e-05
5 51389.506000 0.000190455
25 215107.621000 0.000123047
3 33491.577000 0.000221365
2 20623.102000 9.78628e-05
2 20251.804000 0.000238671
2 20928.228000 8.03113e-05
8 72720.478000 2.76062e-05
20 177711.943000 1.50898e-05
3 30986.085000 0.000156093
12 106756.072000 0.000184221
10 97785.232000 1.19805e-05
1 10267.028000 2.06791e-05
15 133686.667000 5.61272e-05
9 92393.916000 9.06879e-05
2 19738.623000 2.89374e-05
4 43622.474000 1.28789e-05
2 20974.060000 2.38685e-05
5 51194.567000 8.18554e-05
1 10271.604000 4.56148e-05
2 20526.631000 5.14461e-05
5 51089.416000 8.86759e-05
1 10397.142000 0.000114734
9 78876.347000 1.72719e-05
11 102567.468000 2.17315e-05
1 10065.746000 9.00582e-06
7 64149.392000 7.7498e-05
1 9924.090000 7.18402e-06
18 153092.298000 0.000155475
1 10182.868000 9.09466e-05
4 38477.901000 4.21632e-05
5 45476.937000 9.51905e-05
1 10343.675000 0.000103036
4 36792.987000 0.00016712
4 41452.380000 0.000179197
4 40722.822000 0.000115144
4 40974.484000 4.55543e-05
6 57004.198000 8.61418e-05
6 53210.055000 5.80221e-06
1 10726.836000 9.50156e-05
12 103160.772000 3.9643e-05
1 9124.580000 1.98018e-05
17 167602.495000 4.66647e-05
4 38101.754000 2.20337e-05
11 95496.271000 0.000104397
4 38423.278000 0.000210122
5 51856.577000 2.00005e-05
2 19945.355000 6.68141e-05
3 30170.380000 5.55525e-05
3 31105.659000 5.76205e-05
1 9986.989000 7.97164e-05
6 53083.981000 0.000151581
14 121930.430000 4.33154e-06
3 30633.314000 0.000149386
8 73528.026000 9.15933e-05
6 54789.860000 5.46183e-05
4 42059.301000 2.63699e-06
1 11492.407000 1.17999e-05
5 44356.357000 8.50454e-06
7 71718.358000 0.000111441
1 9838.300000 6.52626e-05
4 42753.991000 0.000200955
8 82361.841000 0.000127708
5 46866.872000 6.37945e-05
14 121636.513000 0.000108283
1 10249.666000 0.000143831
3 30576.676000 9.60082e-05
2 20370.905000 1.71306e-05
3 30171.973000 5.15357e-05
5 51903.048000 0.000118973
8 73637.409000 4.97679e-05
6 61370.946000 6.07709e-06
5 52799.158000 4.18106e-05
2 17172.579000 1.95103e-05
4 35221.730000 0.000118853
8 69390.610000 0.000155049
23 180815.051000 1.66524e-05
2 21140.533000 4.9289e-05
12 90950.517000 0.00020138
5 39688.577000 0.00011599
2 20823.839000 0.000133935
6 55490.154000 4.36387e-05
2 20712.893000 1.34674e-05
20 161718.953000 2.12042e-05
1 11181.620000 2.67595e-05
11 105986.102000 5.70051e-05
2 20788.761000 0.000117319
2 21198.354000 0.000132917
1 15889.765000 2.10183e-05
4 32250.276000 0.000110049
1 11419.394000 2.52352e-05
9 83296.017000 0.00019173
1 11450.168000 6.24344e-05
3 31502.198000 3.073e-05
17 161956.036000 0.000253396
3 24850.724000 5.52819e-05
2 21844.029000 1.73195e-05
1 11836.139000 0.000121211
1 10866.548000 0.000165945
2 21957.976000 9.17562e-05
19 151023.964000 5.19871e-05
10 87903.847000 0.000217438
5 45079.593000 0.000147823
4 41760.579000 0.000129812
1 9973.460000 4.0731e-05
8 62068.639000 9.35816e-05
9 69194.234000 1.65681e-05
6 62147.861000 2.70241e-05
1 10058.794000 6.27633e-05
11 87337.216000 5.62436e-05
1 11430.015000 8.8694e-05
3 32146.564000 7.8043e-05
11 113669.618000 0.000119185
9 75424.400000 0.000139028
3 31359.801000 7.25765e-05
2 21042.828000 0.00010309
7 72823.515000 4.67369e-05
1 9602.101000 7.54719e-05
9 77877.975000 0.000134139
4 37684.100000 0.000120999
3 31931.550000 0.000122779
3 31872.430000 3.31948e-05
5 52022.161000 0.000172957
1 10801.324000 4.04045e-05
30 227644.246000 9.89038e-05
11 115318.632000 0.000240663
8 61464.790000 0.000172637
4 43748.153000 0.00029226
2 21795.262000 1.8541e-05
4 32512.168000 1.41274e-05
19 143285.636000 0.000177277
11 92972.317000 3.83409e-06
2 21115.024000 0.000102966
16 129878.973000 8.34872e-05
5 44744.004000 4.1704e-05
10 85347.101000 2.30031e-05
6 52988.771000 4.99061e-05
2 21158.190000 2.61549e-05
13 99707.347000 2.8627e-05
1 9466.352000 0.000410193
2 23277.816000 7.54115e-05
1 11461.231000 0.000251574
2 24125.801000 8.36114e-05
11 125905.066000 1.94991e-05
4 46917.785000 0.000117057
5 58769.162000 4.70807e-05
9 93543.633000 0.000130223
5 38688.877000 0.000113961
7 54153.415000 2.24132e-05
4 40673.876000 0.000235731
7 69437.548000 4.75591e-05
6 61701.389000 0.000111843
1 11438.594000 0.000157379
2 21783.708000 0.000196064
2 21585.874000 8.36017e-05
3 44523.214000 8.55839e-05
9 128070.603000 1.80725e-05
6 86197.326000 0.000101334
19 158510.149000 4.63287e-05
6 58131.104000 0.000145843
1 11714.910000 0.000264095
1 11475.398000 2.31882e-05
1 10977.933000 4.06187e-05
13 98656.975000 2.05698e-05
1 11626.895000 0.000111954
7 53900.713000 0.000198446
5 52462.720000 0.00011469
2 18140.586000 3.04882e-05
5 44236.357000 2.94075e-05
2 22295.175000 0.00011011
4 42117.870000 0.000133232
4 42213.758000 0.00029541
4 41834.901000 1.65927e-05
3 25235.315000 0.000136195
6 63142.322000 0.000132543
7 58981.934000 4.72672e-05
5 40291.778000 5.1006e-05
3 31929.257000 0.000101652
53 387342.344000 6.46873e-05
5 52397.952000 1.1853e-05
9 68310.017000 0.000109433
12 91451.414000 9.14205e-05
7 73355.749000 2.28596e-05
7 68280.554000 7.60297e-05
8 69202.892000 1.87796e-05
2 17988.152000 2.91504e-05
2 20103.593000 6.22471e-05
2 19478.893000 9.62511e-05
8 74023.988000 0.000112766
4 38743.255000 1.65923e-05
14 130164.547000 0.000268317
8 79332.595000 3.52967e-05
15 136508.728000 8.3051e-05
6 58462.065000 3.46289e-05
13 124197.259000 2.65217e-05
5 48770.243000 1.79628e-05
6 60078.812000 2.39212e-05
2 20513.794000 8.418e-05
14 127747.819000 2.1475e-05
4 38715.127000 6.87601e-05
2 20244.876000 5.62495e-05
3 30551.130000 4.49102e-05
5 47020.395000 0.000102239
10 90705.428000 0.000174617
1 10231.342000 5.67115e-05
2 20098.516000 0.000118643
3 29458.617000 9.45473e-05
19 191832.827000 4.13925e-05
6 60268.529000 7.31219e-05
1 13060.305000 0.000184347
1 10621.172000 6.47094e-05
2 20474.240000 0.000231956
8 84790.555000 3.93597e-05
3 33645.057000 2.43304e-05
1 11913.383000 7.71465e-05
5 55954.783000 0.000223364
1 11471.046000 2.63163e-05
3 33695.627000 9.32787e-05
9 92179.997000 0.000209652
3 30133.035000 3.11584e-05
2 28089.065000 1.48385e-05
1 12592.475000 7.10944e-05
3 33214.562000 7.86049e-05
3 30830.573000 0.000104474
1 10582.070000 0.000141046
18 166868.954000 2.57879e-05
8 88789.649000 0.000147916
5 49531.012000 3.50755e-05
8 78156.486000 4.73459e-05
1 10857.743000 9.96576e-05
4 45629.274000 5.78918e-05
16 153408.112000 2.64998e-05
1 11194.071000 9.57572e-05
2 23777.915000 0.000171744
16 153690.198000 0.000102041
14 132822.207000 0.00013587
2 21973.381000 0.000145462
6 65330.035000 0.000169329
3 29949.685000 0.000126656
4 39400.372000 8.73229e-05
1 10296.454000 5.54948e-05
2 20720.501000 0.000177865
5 48912.728000 3.76504e-05
18 168671.491000 7.9113e-05
2 21156.372000 0.000101659
1 10366.115000 6.91285e-05
3 34138.522000 6.87647e-06
15 141371.253000 5.53887e-05
2 21853.367000 8.5329e-05
7 73347.431000 0.000159957
3 32245.474000 1.1523e-05
3 31673.736000 7.77342e-05
1 12324.110000 0.000130972
14 137702.073000 3.78825e-05
6 57048.073000 3.02903e-05
1 10952.500000 7.88409e-05
3 34299.092000 0.000140697
3 29594.923000 0.000115543
5 53266.278000 0.000105596
1 11306.275000 0.000108035
14 130557.744000 3.02493e-05
1 10751.824000 0.000203347
16 148535.805000 5.98063e-06
7 74572.130000 4.99549e-05
6 63822.897000 8.60531e-05
2 20785.166000 2.37821e-05
10 101642.578000 4.81911e-05
2 21571.065000 4.77829e-05
3 31705.310000 2.40918e-05
11 112304.248000 4.2124e-06
1 10512.779000 3.93695e-05
6 61761.308000 2.18713e-05
7 76453.372000 0.000119097
1 11270.724000 0.000142679
12 112351.497000 0.000120756
6 56963.221000 7.60882e-05
1 10541.558000 7.55775e-05
3 32002.839000 0.00018066
8 81215.630000 1.17557e-05
8 75909.893000 5.09314e-05
2 24029.405000 0.000197972
1 10875.784000 1.56525e-05
17 157794.927000 3.36101e-05
6 57011.115000 5.48796e-05
1 11319.828000 0.000162444
12 104022.183000 0.000133276
4 43332.454000 3.97644e-05
4 37634.877000 1.65792e-05
12 103720.428000 8.45517e-05
2 20559.235000 1.89651e-05
2 17424.167000 3.09113e-05
6 64341.605000 1.31743e-05
6 60934.681000 0.000146271
3 32193.538000 7.91323e-05
3 32179.188000 9.49383e-05
2 19958.843000 5.19512e-05
4 41292.340000 9.28546e-05
2 18779.346000 5.56685e-05
7 75996.636000 9.61098e-05
3 27034.737000 0.000126248
1 11008.512000 7.20193e-05
2 19692.098000 2.02225e-05
6 51607.389000 4.32926e-05
24 188402.647000 9.29513e-06
7 55267.225000 0.000176137
2 20832.213000 4.2112e-05
3 31783.454000 1.90995e-05
5 52858.917000 9.1751e-05
1 9561.058000 8.82979e-05
1 9456.494000 1.75075e-05
3 28197.268000 4.8605e-05
7 69324.888000 2.51438e-05
2 20825.526000 3.98646e-05
1 11644.798000 0.000116579
12 108059.558000 0.000149058
2 21397.728000 9.64002e-05
7 57118.848000 9.8118e-05
3 33095.991000 0.000207753
3 25723.314000 6.03882e-05
16 163412.074000 0.00030203
3 31728.453000 6.42956e-05
4 42282.823000 0.000320275
4 43792.584000 0.000123927
7 59398.370000 7.21144e-06
5 72823.606000 0.00013205
7 97874.816000 7.81599e-05
8 105897.419000 1.75634e-05
9 114668.858000 0.0001445
7 90643.544000 0.000117796
3 37498.715000 7.69389e-05
4 50375.981000 1.86583e-05
5 59846.120000 2.18949e-05
1 12425.204000 0.000120546
21 267463.635000 0.000211932
4 46326.732000 0.000121114
13 162883.443000 0.000319338
2 24635.540000 2.95693e-05
2 25078.507000 0.000397573
10 118800.837000 0.000196315
3 39024.634000 0.000146341
8 95247.982000 0.000228621
2 22220.092000 8.38107e-05
5 55187.329000 6.99896e-05
1 12962.121000 4.6926e-05
11 137589.386000 7.54081e-05
4 47825.790000 0.000134691
3 36290.701000 0.000195369
1 12890.177000 2.89712e-05
2 24315.700000 6.80211e-05
12 140659.434000 4.74186e-05
1 12705.746000 2.18723e-05
7 84136.487000 0.000108381
10 116805.978000 0.000132816
15 182056.984000 0.000140296
5 61131.067000 0.000192427
6 74803.249000 4.62717e-05
1 13383.542000 9.46321e-05
3 38257.621000 0.000140163
3 35314.606000 0.000167111
2 27679.082000 0.000276469
15 199159.046000 0.000116892
2 23616.110000 1.63721e-05
1 11175.047000 5.41848e-05
15 124568.375000 1.496e-05
26 202395.661000 2.58358e-05
19 162227.416000 0.000273823
6 62237.920000 9.17152e-05
5 41515.506000 0.000174382
3 25886.792000 4.74895e-05
5 53326.658000 7.0987e-05
2 18519.394000 0.000276603
20 166248.751000 0.000110398
1 11771.980000 4.72013e-05
17 136086.608000 1.14178e-05
10 91923.718000 1.28915e-05
1 10964.041000 0.000128471
2 21589.031000 9.3393e-05
9 95621.563000 6.70016e-05
1 10022.933000 0.000110966
2 21443.677000 0.000166515
2 22158.621000 3.80515e-05
1 11130.331000 2.13034e-05
6 50939.296000 3.85278e-05
2 21636.851000 0.000178202
2 22125.676000 0.000198589
9 96046.810000 2.91815e-05
7 59749.235000 6.34076e-05
3 32731.970000 0.000130389
3 28781.071000 5.05363e-05
7 57639.746000 7.40746e-06
4 41411.948000 8.43653e-05
11 87638.840000 7.01216e-06
3 32267.782000 1.94162e-05
5 40982.336000 3.03218e-05
5 49930.358000 4.07815e-05
4 42382.129000 0.000174846
8 65387.397000 0.00032819
2 21108.839000 1.5031e-05
1 10465.054000 0.000145503
5 47390.699000 0.000161651
9 76097.511000 6.3577e-05
