1473 380839.524000 0.0586144
85 2669.161000 0.0216239
54 2013.565000 0.0437184
155 7418.899000 0.0552829
678 33917.653000 0.0302655
2006 100084.069000 0.0541245
275 12034.363000 0.0627723
742 35758.117000 0.0145377
181 7700.360000 0.0289533
1064 51547.829000 0.0868278
204 9909.862000 0.0651913
130 6238.284000 0.0581256
20 705.224000 0.0967715
30 1020.134000 0.0157122
91 3022.584000 4.69555e-05
288 12852.541000 0.021299
358 16567.245000 0.0378198
179 7861.322000 0.0117793
256 11455.213000 0.0543132
93 3011.929000 0.097988
596 28937.356000 0.0739219
250 12235.785000 0.04136
306 15367.567000 0.00105463
272 12525.630000 0.0269314
798 37675.099000 0.0164748
528 25791.182000 0.00834802
784 39927.831000 0.0391992
595 29134.036000 0.0804373
442 21800.249000 0.000294232
30 1019.306000 0.0763037
270 11896.686000 0.00698173
400 17907.538000 0.096966
194 7931.190000 0.024411
355 16126.645000 0.0251255
93 3173.586000 0.0570153
987 48346.180000 0.0916775
1275 64744.509000 0.0983246
12 411.831000 0.000460216
20 697.515000 0.0762902
1178 58276.734000 0.0582225
246 11248.687000 0.0780129
219 10459.286000 0.0780601
740 37986.615000 0.0887289
293 13903.694000 0.0697887
99 3164.195000 0.0629773
43 1390.134000 0.000852529
27 900.788000 0.0161902
1706 82673.366000 0.0537732
348 16650.391000 0.0976886
102 4969.701000 0.0197214
604 29633.196000 0.0226191
1138 57163.788000 0.0823125
551 26079.634000 0.0928566
1255 64261.071000 0.0245248
533 24641.723000 0.0791643
909 44790.076000 0.0429199
589 28219.609000 0.0955329
174 7380.914000 0.0198919
1452 71819.258000 0.0165279
40 1345.592000 0.0880033
1838 90559.429000 0.0170305
131 5980.166000 0.015563
1066 52147.205000 0.0909212
545 26554.265000 0.0417455
462 21641.607000 0.0946929
154 6425.052000 0.0640601
1250 59787.505000 0.0722131
306 14904.557000 0.0132319
490 22403.759000 0.0214164
1957 95171.906000 0.0782052
225 10882.052000 0.0798404
401 19636.892000 0.033222
336 15647.654000 0.0165148
177 7405.353000 0.0545413
1325 62843.892000 0.0290016
258 11639.885000 0.0923708
263 12081.232000 0.00614404
138 6220.036000 0.030865
548 24670.562000 0.0461212
246 10966.558000 0.0405893
61 2016.194000 0.0169002
347 15796.517000 0.0389138
374 17937.200000 0.0212401
698 32463.307000 0.0929767
342 15844.942000 0.0652132
163 7323.475000 0.0244457
844 39120.659000 0.0366545
14 445.991000 0.0239838
116 5221.106000 0.00323323
269 11606.044000 0.0173303
11 380.623000 0.00224671
878 41058.143000 0.0487848
248 11215.403000 0.0584523
372 16228.872000 0.0880755
589 26725.451000 0.0356657
1040 48983.687000 0.0403814
68 2062.230000 0.00682206
1392 75167.306000 0.0587862
422 20953.429000 0.0355896
165 7972.831000 0.0894665
184 8658.230000 0.0492687
446 22139.376000 0.0211112
597 30623.193000 0.0562678
376 19778.824000 0.0870229
250 12185.013000 0.0196635
1392 71808.861000 0.0404992
114 5623.554000 0.0797179
1075 54443.321000 0.0407957
286 15245.656000 0.03531
136 6996.495000 0.0138869
126 6019.742000 0.0216556
817 40687.214000 0.0562505
1050 53639.849000 0.0700813
364 18306.580000 0.0938488
622 30427.222000 0.00706582
772 38378.951000 0.0414381
42 2053.343000 0.0797652
575 28390.714000 0.0108442
103 5070.031000 0.0697861
1347 65898.923000 0.0225906
254 13388.343000 0.0873007
454 21708.198000 0.0119987
11 604.294000 0.0867334
501 24654.383000 0.0972877
105 5108.041000 0.0769451
76 4046.186000 0.0712276
691 34913.556000 0.027209
156 7807.893000 0.00530385
1592 77738.842000 0.08162
251 12305.935000 0.00438267
761 36224.655000 0.0778836
19 959.973000 0.051267
521 25490.145000 0.063424
1109 55703.323000 0.0959783
813 39977.593000 0.0622033
1185 57749.940000 0.0459739
2140 106478.344000 0.00959891
343 17765.665000 0.093774
129 6385.973000 0.00343324
57 2787.318000 0.0812451
236 11689.550000 0.0808296
385 18518.616000 0.0730939
345 16502.947000 0.0146364
473 24671.468000 0.0445951
409 19964.184000 0.00750818
126 6050.035000 0.049169
525 25612.265000 0.0698385
114 5641.571000 0.0399165
803 39532.236000 0.0148478
253 12210.907000 0.0492275
170 8479.359000 0.00494174
139 7012.970000 0.027624
153 7657.010000 0.0500049
268 13963.420000 0.0684149
640 33094.015000 0.0862511
721 34953.127000 0.00601492
38 1885.672000 0.00582076
77 3868.139000 0.0667392
621 31144.335000 0.0206713
81 4026.930000 0.00901411
154 8002.241000 0.00166712
829 41955.165000 0.0371214
284 15141.330000 0.00241794
175 8499.526000 0.0131726
258 13060.153000 0.032937
275 13753.064000 0.0515441
1310 64865.358000 0.0657024
260 13187.993000 0.0461908
19 895.579000 0.0248808
100 4672.509000 0.0994186
1697 84486.203000 0.0251456
97 4582.189000 0.0921757
15 726.733000 0.0901558
5 244.280000 0.0252612
757 36628.456000 0.077846
82 4082.433000 0.00160308
725 36294.098000 0.0086238
608 28976.400000 0.0377345
63 3040.140000 0.041498
254 12226.104000 0.0574949
720 36198.365000 0.0153679
443 21537.073000 0.0749516
1674 81108.943000 0.0414253
549 26685.404000 0.0317301
590 27235.597000 0.0294479
2391 115351.761000 0.0209422
75 3519.411000 0.0478057
23 1074.912000 0.0046352
1354 65265.447000 0.0546029
918 43595.356000 0.00363706
229 10684.301000 0.0365007
297 14560.364000 0.0246348
364 18262.288000 0.0149878
92 4496.976000 0.0955132
1197 57250.418000 0.0728725
93 4373.085000 0.0501684
1188 59453.909000 0.0188471
135 6679.912000 0.0862727
651 30450.923000 0.0051031
394 19222.355000 0.0943202
377 18256.898000 0.0517903
159 7395.911000 0.0441214
433 21875.481000 0.0704823
258 12143.241000 0.00393152
1562 75648.158000 0.0465995
155 7136.974000 0.0502677
309 14638.418000 0.0764217
45 2120.425000 0.00848999
754 35552.151000 0.0795751
59 2996.202000 0.0843899
106 4958.271000 0.0539619
700 35071.194000 0.00375898
250 12165.445000 0.0883882
588 27647.035000 0.0999163
1939 95050.855000 0.071967
43 2060.497000 0.035124
890 43330.509000 0.0480165
268 12586.062000 0.00337405
506 27745.480000 0.0601486
148 6456.598000 0.069241
25 827.141000 0.0814661
554 26350.876000 0.0146761
958 47031.080000 0.0170307
280 11985.437000 0.0804571
343 16128.510000 0.0167434
195 7630.444000 0.0522856
166 6941.826000 0.0268905
691 33011.178000 0.000897985
820 41799.590000 0.0897823
669 31930.647000 0.00767686
229 10852.896000 0.082829
2597 130581.390000 0.0753329
982 50142.706000 0.0407971
359 17497.820000 0.0862106
1073 52994.930000 0.0174784
157 7071.496000 0.0132564
467 21900.396000 0.0289757
639 31987.015000 0.0231758
259 11771.740000 0.0636365
1009 49145.835000 0.00388152
97 3018.591000 0.0649639
328 15909.336000 0.0555476
288 12958.652000 0.0313974
169 7565.387000 0.0758026
101 5296.725000 0.00879133
449 21137.862000 0.0944623
600 28201.787000 0.062408
452 21956.118000 0.0683871
610 31570.985000 0.0101519
172 7188.359000 0.0231215
193 7793.941000 0.0718118
316 15141.752000 0.00483967
774 36798.450000 0.0907937
534 26544.712000 0.0355641
1003 50654.916000 0.000569286
542 25757.562000 0.0995557
475 22262.274000 0.0554186
648 30947.837000 0.0193429
228 10935.900000 0.00110135
542 25108.134000 0.0721445
694 32727.918000 0.0947069
307 15137.063000 0.0916764
604 29672.113000 0.00127321
819 41143.387000 0.0921578
573 27643.270000 0.0224967
528 25772.725000 0.00674754
623 29668.401000 0.0096571
99 3091.498000 0.0972953
412 20211.583000 0.0112756
910 45953.826000 0.0959494
881 42567.595000 0.0148217
81 2579.568000 0.00793482
587 27287.273000 0.0363627
126 5772.176000 0.00025466
565 27647.540000 0.0613879
83 2596.211000 0.0674058
1128 54463.994000 0.0486876
11 366.415000 0.0310402
1555 77306.332000 0.0945741
764 36412.079000 0.0230202
961 47328.120000 0.0627469
141 6333.830000 0.010866
97 2913.464000 0.0305589
310 15433.734000 0.016724
668 31718.563000 0.0510431
738 36018.939000 0.0505419
581 26692.383000 0.00194451
148 6235.718000 0.00659214
330 15097.925000 0.0363513
898 41529.983000 0.0558487
365 16452.227000 0.0336934
317 15159.431000 0.010465
173 7128.483000 0.0574669
301 14550.245000 0.0817929
19 627.910000 0.00780127
462 21689.169000 0.0631031
1108 53316.900000 0.00957207
878 42118.566000 0.0313783
105 5172.409000 0.0469355
772 36526.064000 0.0369088
80 2413.740000 0.0747144
669 32131.049000 0.075684
431 20165.763000 0.0744583
8 286.079000 0.0434068
1243 58068.945000 0.0950822
820 39949.773000 0.0700204
272 11714.922000 0.0242416
851 39705.671000 0.031244
105 5050.613000 0.0291261
542 26014.895000 0.0378883
79 2505.559000 0.0337457
750 35710.288000 0.0642609
124 5695.188000 0.0169935
1790 87061.893000 0.0439162
259 11733.644000 0.0761943
191 7678.996000 0.01995
318 14818.649000 0.0812715
22 741.739000 0.0914859
992 45636.271000 0.00659419
1007 47707.780000 0.0661951
566 25686.347000 0.0996162
1002 47546.142000 0.0195318
149 6123.379000 0.0844199
131 5670.453000 0.000204529
652 30379.264000 0.0414661
268 12072.119000 0.0963012
312 15305.734000 0.0796704
478 20914.827000 0.0783912
432 20881.861000 0.0784519
39 1244.773000 0.0483591
858 40052.107000 0.0182216
256 11034.722000 0.0498253
1842 88295.187000 0.054329
27 1230.112000 0.0900322
287 14350.335000 0.0689505
129 6223.849000 0.0996482
210 10173.490000 0.0554708
127 5940.630000 0.067993
2137 106812.319000 0.0296423
1081 54136.982000 0.00575565
293 13784.590000 0.0730232
38 1670.056000 0.0190315
149 7227.569000 0.0078162
173 7844.951000 0.0252049
368 17352.199000 0.0448718
415 22061.104000 0.0235219
280 13521.325000 0.0597265
556 28083.075000 0.0528716
739 36280.741000 0.0588895
415 20971.172000 0.0916312
163 8014.298000 0.0280825
372 19425.899000 0.0455674
564 27328.847000 0.0507392
377 17481.227000 0.0266127
1392 70761.378000 0.0107964
252 12497.203000 0.0447536
464 23938.856000 0.0627085
202 9849.956000 0.00390002
1169 58149.902000 0.0340894
1265 62856.033000 0.0308934
364 17463.026000 0.0803359
218 11547.955000 0.0134636
11 520.430000 0.0578605
2 114.577000 0.0406232
469 23658.415000 0.0173997
29 1326.220000 0.0563436
181 8915.562000 0.0760671
665 32752.836000 0.0291711
159 7599.423000 0.0835718
148 7315.258000 0.0758102
490 24296.274000 0.0835306
361 17325.177000 0.040623
245 11894.948000 0.0847726
884 45017.213000 0.0469872
117 5716.574000 0.0744863
277 13936.650000 0.0248564
273 13292.239000 0.0745837
133 6622.550000 0.0537386
86 4020.148000 0.0785051
456 21873.733000 0.0689566
91 4079.418000 0.00190778
891 45073.988000 0.0137443
413 20314.970000 0.0462826
487 24892.388000 0.0491469
270 13086.440000 0.0419529
121 5807.231000 0.0586012
229 10912.847000 0.050099
574 27013.835000 0.0158686
39 1826.041000 0.04115
1027 49752.590000 0.00523557
898 44909.770000 0.0780024
444 21918.065000 0.0844186
809 41485.924000 0.0849984
1925 93627.322000 0.0480867
179 8050.365000 0.0158329
46 2270.294000 0.0830846
750 37219.549000 0.0306544
572 28669.443000 0.042459
554 27788.031000 0.0112976
356 17913.346000 0.0443569
776 38489.382000 0.0794682
672 33551.045000 0.0258262
67 3131.097000 0.00306642
106 5294.224000 0.0278009
951 46683.559000 0.0399833
53 2426.891000 0.0507627
676 31958.955000 0.0716196
541 26769.589000 0.0789585
1212 58799.496000 0.0263426
393 19244.485000 0.0128778
604 28406.322000 0.0109554
2003 96468.836000 0.0382471
283 14461.882000 0.041431
1853 89498.816000 0.0496128
21 970.280000 0.056768
112 5238.682000 0.0922375
256 12184.957000 0.0685977
770 36319.721000 0.0627258
268 12248.010000 0.051616
264 12064.340000 0.0531912
375 17622.503000 0.0322653
125 6164.085000 0.0581805
235 11556.475000 0.071788
280 13709.099000 0.00154277
383 18947.339000 0.0322084
131 6230.221000 0.0632362
239 11113.633000 0.0323341
296 14357.746000 0.0804945
62 2947.209000 0.0394031
124 5869.376000 0.0806798
258 12297.977000 0.0375363
358 17947.061000 0.0508241
69 3427.895000 0.0675971
899 42621.990000 0.0491958
341 15723.196000 0.0183773
144 6991.293000 0.0724833
137 6530.142000 0.0308949
937 45045.563000 0.0774554
659 30836.245000 0.0401805
303 14669.272000 0.0135196
168 8239.105000 0.040762
175 8696.958000 0.0421147
633 29773.175000 0.0603967
864 40725.105000 0.00904366
143 6753.334000 0.0311525
510 24002.434000 0.0116704
1157 56256.589000 0.0137948
75 3470.502000 0.0520388
856 41125.755000 0.0964097
943 45075.480000 0.0862012
603 29463.140000 0.099741
189 8219.096000 0.0819353
549 27080.287000 0.00926286
309 14721.936000 0.0872129
946 47382.949000 0.0525186
129 5943.595000 0.0208095
111 5420.776000 0.0590174
57 1747.825000 0.0197078
389 18233.853000 0.0582221
1308 66750.791000 0.0375581
1021 51360.106000 0.0493182
1168 58350.570000 0.0807648
6 225.879000 0.0488842
229 10530.825000 0.0740883
145 6417.145000 0.00514681
188 8098.976000 0.00429883
559 26626.582000 0.0654735
14 460.582000 0.0411499
91 2810.147000 0.0779155
544 26277.338000 0.0689702
534 24874.251000 0.0409085
79 2471.089000 0.015573
27 943.595000 0.0980472
358 16319.876000 0.0555395
263 12074.446000 0.0258974
367 17018.770000 0.0653243
29 945.763000 0.019564
142 6406.143000 0.0886011
52 1622.830000 0.0884856
357 16848.966000 0.00393862
346 16902.970000 0.0175117
242 10803.911000 0.0956914
116 5519.086000 0.0860654
2818 141839.519000 0.0978199
333 15565.714000 0.0695202
63 1954.879000 0.0901868
102 4871.807000 0.0207466
307 14663.168000 0.0766371
301 15235.795000 0.0676375
33 1059.286000 0.0123845
405 20544.568000 8.37383e-05
1128 53414.760000 0.0312245
1091 52707.134000 0.0736494
302 14930.849000 0.0798615
183 7711.011000 0.00241326
1 30.515000 0.0181154
2224 110843.848000 0.00103909
838 40265.871000 0.0132478
471 21997.071000 0.00490762
571 26776.935000 0.0207609
311 14447.154000 0.0296895
19 621.827000 0.0153547
139 6292.641000 0.0652553
957 45970.058000 0.0566256
89 2743.577000 0.0526677
355 16956.187000 0.0370878
459 21198.071000 0.0202997
262 11838.538000 0.0142157
925 44457.617000 0.00140703
758 37553.294000 0.026569
25 849.949000 0.0339838
164 7261.039000 0.0130395
310 14987.039000 0.027433
511 25384.703000 0.0596367
530 26433.295000 0.00244909
495 23885.549000 0.0293678
61 1893.320000 0.0524588
1061 49448.846000 0.0212616
341 16942.852000 0.0391908
1123 53857.214000 0.0170726
518 26573.968000 0.0685981
22 726.161000 0.0783687
65 2090.121000 0.0778072
287 12733.966000 0.0313363
720 34441.491000 0.070253
911 43414.192000 0.0638533
1266 62031.002000 0.0710887
17 575.518000 0.0971127
513 25151.676000 0.0214839
1971 95395.505000 0.00930106
62 1938.932000 0.0156404
250 11270.113000 0.0539715
410 19762.816000 0.0258674
1077 52379.655000 0.090159
165 6559.263000 0.0556294
227 10918.934000 0.0103585
79 2480.845000 0.0392813
221 10002.932000 0.0345917
385 16781.645000 0.0664883
150 6381.872000 0.0167304
368 16291.872000 0.0382622
393 17590.022000 0.056448
221 10482.935000 0.0766076
356 15858.644000 0.0459669
894 42083.635000 0.0278436
1016 48131.193000 0.00490986
486 21716.460000 0.049142
926 44539.496000 0.0777912
172 7208.959000 0.00988487
285 12144.714000 0.0251686
34 1078.199000 0.0413974
458 20929.643000 0.0505585
249 11308.584000 0.0863394
269 12034.702000 0.00747164
18 581.177000 0.0441159
256 11616.871000 0.0996355
63 2060.316000 0.0793463
414 19309.055000 0.0955397
536 25048.067000 0.0132609
10 345.017000 0.017809
160 6671.618000 0.0951226
664 30942.047000 0.0361577
151 6439.035000 0.048901
723 38707.239000 0.0189831
964 48697.591000 0.0398296
232 11452.020000 0.0254959
263 12691.958000 0.093983
658 31007.358000 0.0917892
558 28660.215000 0.0069892
705 34125.545000 0.0779171
1370 66513.697000 0.0365764
978 48229.773000 0.0583504
173 8280.935000 0.0798631
713 34931.127000 0.0922107
2442 119853.101000 0.08544
2345 113922.119000 0.0389136
371 18113.111000 0.0909998
789 39967.418000 0.0323209
1105 55073.445000 0.0194583
255 11594.509000 0.0221455
628 30607.036000 0.0482265
88 3698.250000 0.057978
136 6614.883000 0.00331517
493 24707.007000 0.0106849
568 28649.801000 0.0436901
988 48526.853000 0.0396275
255 11759.563000 0.00649207
196 9348.208000 0.000158891
248 12604.432000 0.0849677
1094 55512.618000 0.00453685
527 25577.751000 0.00567382
803 40655.545000 0.0670296
548 27837.144000 0.0474804
98 4286.494000 0.0380737
482 23251.866000 0.0630865
979 49807.947000 0.04498
35 1688.584000 0.0900315
165 8249.358000 0.0913802
1185 58257.354000 0.0761233
212 10726.170000 0.000355431
234 12467.888000 0.0463266
3000 152294.508000 0.151627
46 2180.357000 0.0538135
227 10956.756000 0.0305303
418 20980.457000 0.0590455
391 19297.305000 0.0983632
457 22432.947000 0.0366427
118 5527.032000 0.0737803
561 27804.590000 0.00152814
204 10162.929000 0.0878051
217 11161.962000 0.0294017
405 19765.040000 0.0863979
1902 94145.323000 0.0275023
335 15921.331000 0.00225831
148 7051.500000 0.0627254
185 8814.189000 0.0516892
699 32870.507000 0.0476628
1002 49007.655000 0.0348092
196 9426.136000 0.0240694
667 32251.785000 0.0884562
136 6404.823000 0.0825411
398 20136.747000 0.0734299
265 13097.178000 0.00417835
172 8139.652000 0.017848
488 23945.043000 0.0599624
196 9270.665000 0.0122759
191 9097.970000 0.0197621
271 12999.009000 0.0560293
52 2301.492000 0.0643662
460 22201.225000 0.0418023
327 15339.847000 0.0235405
35 1568.904000 0.0688654
87 3882.242000 0.0870699
186 8748.093000 0.025992
271 13538.533000 0.0363979
431 21374.648000 0.00495989
1411 68244.112000 0.086463
54 2360.382000 0.00965849
389 18432.712000 0.0075499
34 1563.298000 0.0691517
540 25960.950000 0.069796
1019 50448.637000 0.0629802
52 2288.697000 0.0953155
112 5228.569000 0.0761434
154 6974.580000 0.0895784
110 5509.895000 0.079629
732 36492.775000 0.0323175
728 34790.594000 0.0914758
117 5465.246000 0.0790059
395 19147.566000 0.0952189
1819 85600.355000 0.0605043
471 21879.429000 0.00852238
371 16988.313000 0.0374063
168 7951.263000 0.0399358
47 2106.268000 0.0587538
1088 52065.879000 0.0189042
479 23959.170000 0.0394876
179 8425.115000 0.00807004
332 16364.589000 0.0335761
706 33355.852000 0.0955108
1514 75233.303000 0.0535236
642 31324.282000 0.0011259
1209 57988.166000 0.0709048
839 39782.382000 0.0250173
1082 52081.444000 0.0633319
116 5346.111000 0.0096347
406 19514.893000 0.00590448
697 35498.163000 0.00790441
32 1326.701000 0.00874899
124 5990.538000 0.0938244
162 7568.349000 0.0551574
288 13694.180000 0.00994839
388 18364.035000 0.0569347
527 24384.497000 0.0715429
704 38184.568000 0.0684632
26 1463.837000 0.0547903
296 15329.382000 0.0231781
212 11531.253000 0.00953505
21 946.466000 0.0204813
1148 55738.770000 0.0470611
89 4230.592000 0.0842971
199 9528.286000 0.0208171
726 36791.677000 0.0168325
182 8974.464000 0.0403283
136 6335.172000 0.0136468
75 3372.009000 0.0503392
137 6607.975000 0.0527917
1026 50393.190000 0.0857676
166 7982.224000 0.0746864
347 17300.476000 0.0119044
289 13657.782000 0.0997859
468 23058.959000 0.0615366
468 22771.824000 0.0848037
65 2880.757000 0.0929063
789 37300.280000 0.0832901
1139 57808.887000 0.06341
285 14147.659000 0.0561961
24 1077.210000 0.0751293
440 22025.457000 0.0448547
334 15830.279000 0.0648252
661 32321.762000 0.0762305
361 19218.297000 0.0255997
328 16184.785000 0.0855496
198 9388.494000 0.0538987
614 31980.037000 0.00240924
449 21818.828000 0.0217915
301 15447.012000 0.00879734
74 3037.775000 0.0596798
2031 101801.139000 0.0296676
251 11989.280000 0.0777767
111 5447.051000 0.0802075
395 19477.302000 0.0680574
205 10089.227000 0.0742997
184 8734.334000 0.0745069
586 28001.456000 0.0169317
166 7511.889000 0.0635276
564 26414.007000 0.0846594
406 19802.862000 0.0417011
24 964.883000 0.00673295
622 30268.712000 0.0693086
857 40736.683000 0.0222023
231 11588.925000 0.0372467
8 352.275000 0.0464492
136 6519.785000 0.0307957
276 12718.247000 0.0489801
307 15257.528000 0.0266694
625 30401.014000 0.0241287
278 13186.551000 0.029553
387 18388.301000 0.0507311
689 32618.740000 0.0957446
354 17221.282000 0.0813089
194 8892.482000 0.0219816
522 24934.537000 0.036967
99 4066.446000 0.0394489
294 14041.724000 0.0733449
108 5125.529000 0.00268418
130 5952.001000 0.01587
215 10521.712000 0.0457795
1364 64927.807000 0.0447465
184 8518.703000 0.0354974
662 31054.040000 0.0302438
144 6665.074000 0.0341709
1 45.178000 0.0894367
389 18055.600000 0.0592731
308 15333.094000 0.0455996
2739 132699.644000 0.0582163
43 1892.165000 0.0534596
203 10371.995000 0.0878238
644 31490.833000 0.044562
1437 67582.848000 0.0623987
388 18275.278000 0.0933013
136 6430.184000 0.0560919
70 2931.414000 0.0367106
461 21685.855000 0.0126455
1200 56626.879000 0.0629394
42 1689.709000 0.0308989
609 29715.966000 0.032648
982 46293.790000 0.068639
874 40793.652000 0.00839843
100 4258.516000 0.0974945
76 3243.021000 0.076308
154 6999.122000 0.0233768
1763 84798.745000 0.0754432
448 21248.046000 0.0285324
438 20698.265000 0.0247912
83 3481.874000 0.0841749
495 23711.979000 0.0186915
353 17303.473000 0.033383
56 2305.424000 0.0977138
499 22969.397000 0.0662126
2079 96968.084000 0.00637639
117 5318.628000 0.0150642
230 10886.063000 0.0168099
616 29821.701000 0.0968925
895 46071.340000 0.0809295
546 28877.372000 0.0612845
1480 79331.631000 0.0436123
623 30604.643000 0.035875
808 38708.731000 0.096413
540 24948.308000 0.0432973
86 2866.684000 0.0114369
358 16615.778000 0.038883
197 7695.255000 0.0925897
108 5301.430000 0.00722117
125 6021.132000 0.0806725
1596 76896.851000 0.0894191
160 6791.415000 0.0028038
1320 64888.343000 0.0958029
569 28008.179000 0.0170374
1807 88234.041000 0.0579949
299 13468.208000 0.0870671
636 30106.716000 0.0968481
206 10861.050000 0.0525078
1772 85226.105000 0.0584852
598 27641.006000 0.0691228
651 31879.310000 0.0976793
616 30882.679000 0.0325178
103 5088.450000 0.0346647
30 988.693000 0.0028781
17 536.396000 0.0496214
332 15671.217000 0.00752722
210 10236.162000 0.0962078
626 32089.858000 0.00730357
136 6275.783000 0.0687209
97 2932.316000 0.0207976
532 26891.645000 0.0393163
736 37424.469000 0.0260581
553 26074.857000 0.0156703
195 8158.976000 0.00216175
499 22829.365000 0.0729302
1545 72797.058000 0.0406031
1412 70987.366000 0.0834583
211 10444.647000 0.0655315
181 7480.383000 0.0146211
403 20528.673000 0.0994115
516 25084.261000 0.056133
28 911.063000 0.0903826
154 6608.670000 0.0628507
730 36419.720000 0.0862751
22 816.150000 0.0461898
68 2209.630000 0.0857749
21 681.908000 0.0252011
556 27256.537000 0.0268707
300 12718.822000 0.0579069
25 779.657000 0.00878353
573 28630.325000 0.061187
9 324.367000 0.0269369
836 41447.947000 0.0938679
469 22478.191000 0.0511516
43 1413.528000 0.0406079
190 8016.065000 0.0965624
582 26711.019000 0.0538773
2179 105235.604000 0.015083
555 26702.769000 0.0404803
374 17042.247000 0.0616835
599 28281.080000 0.0557017
357 16211.474000 0.0403831
496 22937.274000 0.0162048
262 11740.765000 0.0998284
104 4974.180000 0.0145934
605 29743.380000 0.0193882
478 22596.641000 0.0520263
477 21710.236000 0.0316758
308 15373.115000 0.0713109
93 2967.442000 0.053321
910 45013.392000 0.06172
514 24892.420000 0.0390445
93 2870.812000 0.0692333
919 43992.512000 0.0422574
11 361.958000 0.0405265
168 6933.280000 0.020572
437 20631.698000 0.0881679
2174 106403.863000 0.0675184
596 27636.077000 0.0407539
205 10179.003000 0.0471306
1001 49208.632000 0.0134386
188 7398.921000 0.0617252
1009 48291.285000 0.00727086
281 12285.623000 0.0283491
74 2269.049000 0.00743883
356 16125.243000 0.0233094
43 1345.579000 0.037766
290 12467.034000 0.051287
247 11179.925000 0.0976827
4 176.990000 0.01794
866 41262.919000 0.0110364
221 10221.460000 0.0385796
582 26369.493000 0.0652875
65 2315.213000 0.0524372
117 5461.646000 0.0619341
698 32176.242000 0.0791715
39 1295.474000 0.00224447
76 2369.815000 0.0498936
433 20495.205000 0.0120555
94 2817.172000 0.0870073
87 2838.726000 0.0668933
2314 113499.192000 0.087049
520 25912.563000 0.0349381
422 20154.087000 0.0359554
328 15595.580000 0.0709714
43 1324.753000 0.0307006
583 26961.671000 0.0592471
320 14842.470000 0.0609783
54 1769.041000 0.038066
116 5089.233000 0.0431367
463 20848.847000 0.0123786
796 37946.353000 0.0864441
124 5502.901000 0.0596381
1885 89897.460000 0.0485564
405 18918.958000 0.0337776
69 2247.875000 0.0182473
293 12450.201000 0.050475
724 33549.778000 0.0658069
336 15587.203000 0.0671643
426 20496.537000 0.0410964
42 1282.820000 0.0301888
96 3263.880000 0.0076647
385 16653.662000 0.0364651
117 5581.632000 0.0292524
388 17692.199000 0.0878167
